0 0 0
0.001 0.515218 0
0.002 1.03042 0
0.003 1.54558 0
0.004 2.06069 0
0.005 2.57572 0
0.006 3.09066 0
0.007 3.60549 6.2453
0.008 4.12019 6.2453
0.009 4.63475 6.2453
0.01 5.14913 6.2453
0.011 5.66334 6.2453
0.012 6.17733 6.2453
0.013 6.69111 6.2453
0.014 7.20465 6.2453
0.015 7.71793 6.2453
0.016 8.23093 6.2453
0.017 8.74364 6.2453
0.018 9.25604 6.2453
0.019 9.7681 12.4906
0.02 10.2798 12.4906
0.021 10.7912 12.4906
0.022 11.3021 12.4906
0.023 11.8127 12.4906
0.024 12.3228 12.4906
0.025 12.8325 12.4906
0.026 13.3417 12.4906
0.027 13.8505 12.4906
0.028 14.3588 12.4906
0.029 14.8665 12.4906
0.03 15.3737 12.4906
0.031 15.8804 18.7359
0.032 16.3865 18.7359
0.033 16.892 18.7359
0.034 17.397 18.7359
0.035 17.9013 18.7359
0.036 18.4049 18.7359
0.037 18.9079 18.7359
0.038 19.4103 18.7359
0.039 19.9119 18.7359
0.04 20.4128 18.7359
0.041 20.913 18.7359
0.042 21.4125 18.7359
0.043 21.9112 24.9812
0.044 22.4091 24.9812
0.045 22.9063 24.9812
0.046 23.4026 24.9812
0.047 23.8981 24.9812
0.048 24.3927 24.9812
0.049 24.8865 24.9812
0.05 25.3794 24.9812
0.051 25.8714 24.9812
0.052 26.3625 24.9812
0.053 26.8527 24.9812
0.054 27.3419 24.9812
0.055 27.8302 24.9812
0.056 28.3174 31.2265
0.057 28.8037 31.2265
0.058 29.2889 31.2265
0.059 29.7732 31.2265
0.06 30.2564 31.2265
0.061 30.7385 31.2265
0.062 31.2195 31.2265
0.063 31.6995 31.2265
0.064 32.1783 31.2265
0.065 32.656 31.2265
0.066 33.1326 31.2265
0.067 33.608 31.2265
0.068 34.0822 31.2265
0.069 34.5552 37.4718
0.07 35.0271 37.4718
0.071 35.4977 37.4718
0.072 35.9671 37.4718
0.073 36.4352 37.4718
0.074 36.9021 37.4718
0.075 37.3676 37.4718
0.076 37.8319 37.4718
0.077 38.2949 37.4718
0.078 38.7565 37.4718
0.079 39.2168 37.4718
0.08 39.6758 37.4718
0.081 40.1333 37.4718
0.082 40.5895 37.4718
0.083 41.0443 43.7171
0.084 41.4977 43.7171
0.085 41.9497 43.7171
0.086 42.4002 43.7171
0.087 42.8492 43.7171
0.088 43.2968 43.7171
0.089 43.7429 43.7171
0.09 44.1875 43.7171
0.091 44.6306 43.7171
0.092 45.0722 43.7171
0.093 45.5122 43.7171
0.094 45.9507 43.7171
0.095 46.3876 43.7171
0.096 46.8229 43.7171
0.097 47.2567 49.9624
0.098 47.6888 49.9624
0.099 48.1194 49.9624
0.1 48.5483 49.9624
0.101 48.9755 49.9624
0.102 49.4011 49.9624
0.103 49.8251 49.9624
0.104 50.2473 49.9624
0.105 50.6679 49.9624
0.106 51.0868 49.9624
0.107 51.504 49.9624
0.108 51.9194 49.9624
0.109 52.3331 49.9624
0.11 52.7451 49.9624
0.111 53.1553 56.2077
0.112 53.5637 56.2077
0.113 53.9703 56.2077
0.114 54.3752 56.2077
0.115 54.7782 56.2077
0.116 55.1795 56.2077
0.117 55.5789 56.2077
0.118 55.9765 56.2077
0.119 56.3722 56.2077
0.12 56.7661 56.2077
0.121 57.1581 56.2077
0.122 57.5482 56.2077
0.123 57.9365 56.2077
0.124 58.3228 56.2077
0.125 58.7073 56.2077
0.126 59.0898 56.2077
0.127 59.4704 62.453
0.128 59.8491 62.453
0.129 60.2258 62.453
0.13 60.6006 62.453
0.131 60.9735 62.453
0.132 61.3443 62.453
0.133 61.7132 62.453
0.134 62.0801 62.453
0.135 62.445 62.453
0.136 62.8079 62.453
0.137 63.1688 62.453
0.138 63.5277 62.453
0.139 63.8845 62.453
0.14 64.2394 62.453
0.141 64.5921 62.453
0.142 64.9429 62.453
0.143 65.2916 62.453
0.144 65.6382 68.6983
0.145 65.9827 68.6983
0.146 66.3252 68.6983
0.147 66.6656 68.6983
0.148 67.0039 68.6983
0.149 67.3401 68.6983
0.15 67.6742 68.6983
0.151 68.0062 68.6983
0.152 68.3361 68.6983
0.153 68.6638 68.6983
0.154 68.9895 68.6983
0.155 69.313 68.6983
0.156 69.6344 68.6983
0.157 69.9536 68.6983
0.158 70.2707 68.6983
0.159 70.5856 68.6983
0.16 70.8984 68.6983
0.161 71.209 68.6983
0.162 71.5175 68.6983
0.163 71.8238 74.9436
0.164 72.1279 74.9436
0.165 72.4298 74.9436
0.166 72.7296 74.9436
0.167 73.0271 74.9436
0.168 73.3225 74.9436
0.169 73.6157 74.9436
0.17 73.9067 74.9436
0.171 74.1955 74.9436
0.172 74.4821 74.9436
0.173 74.7665 74.9436
0.174 75.0486 74.9436
0.175 75.3286 74.9436
0.176 75.6063 74.9436
0.177 75.8819 74.9436
0.178 76.1552 74.9436
0.179 76.4263 74.9436
0.18 76.6951 74.9436
0.181 76.9618 74.9436
0.182 77.2262 74.9436
0.183 77.4884 74.9436
0.184 77.7483 74.9436
0.185 78.0061 74.9436
0.186 78.2616 81.1889
0.187 78.5148 81.1889
0.188 78.7659 81.1889
0.189 79.0147 81.1889
0.19 79.2612 81.1889
0.191 79.5055 81.1889
0.192 79.7476 81.1889
0.193 79.9875 81.1889
0.194 80.2251 81.1889
0.195 80.4605 81.1889
0.196 80.6936 81.1889
0.197 80.9245 81.1889
0.198 81.1532 81.1889
0.199 81.3797 81.1889
0.2 81.6039 81.1889
0.201 81.8259 81.1889
0.202 82.0456 81.1889
0.203 82.2631 81.1889
0.204 82.4784 81.1889
0.205 82.6915 81.1889
0.206 82.9023 81.1889
0.207 83.1109 81.1889
0.208 83.3173 81.1889
0.209 83.5215 81.1889
0.21 83.7234 81.1889
0.211 83.9232 81.1889
0.212 84.1207 81.1889
0.213 84.316 87.4342
0.214 84.5091 87.4342
0.215 84.7 87.4342
0.216 84.8887 87.4342
0.217 85.0752 87.4342
0.218 85.2596 87.4342
0.219 85.4417 87.4342
0.22 85.6216 87.4342
0.221 85.7993 87.4342
0.222 85.9749 87.4342
0.223 86.1483 87.4342
0.224 86.3195 87.4342
0.225 86.4886 87.4342
0.226 86.6554 87.4342
0.227 86.8202 87.4342
0.228 86.9827 87.4342
0.229 87.1431 87.4342
0.23 87.3014 87.4342
0.231 87.4575 87.4342
0.232 87.6115 87.4342
0.233 87.7634 87.4342
0.234 87.9131 87.4342
0.235 88.0607 87.4342
0.236 88.2062 87.4342
0.237 88.3496 87.4342
0.238 88.4909 87.4342
0.239 88.63 87.4342
0.24 88.7671 87.4342
0.241 88.9021 87.4342
0.242 89.0351 87.4342
0.243 89.1659 87.4342
0.244 89.2947 87.4342
0.245 89.4214 87.4342
0.246 89.5461 87.4342
0.247 89.6687 87.4342
0.248 89.7893 87.4342
0.249 89.9079 87.4342
0.25 90.0244 87.4342
0.251 90.1389 87.4342
0.252 90.2514 87.4342
0.253 90.3619 87.4342
0.254 90.4704 87.4342
0.255 90.5769 93.6795
0.256 90.6814 93.6795
0.257 90.784 93.6795
0.258 90.8845 93.6795
0.259 90.9832 93.6795
0.26 91.0799 93.6795
0.261 91.1746 93.6795
0.262 91.2674 93.6795
0.263 91.3583 93.6795
0.264 91.4473 93.6795
0.265 91.5343 93.6795
0.266 91.6195 93.6795
0.267 91.7028 93.6795
0.268 91.7842 93.6795
0.269 91.8637 93.6795
0.27 91.9414 93.6795
0.271 92.0172 93.6795
0.272 92.0911 93.6795
0.273 92.1633 93.6795
0.274 92.2336 93.6795
0.275 92.3021 93.6795
0.276 92.3688 93.6795
0.277 92.4337 93.6795
0.278 92.4968 93.6795
0.279 92.5581 93.6795
0.28 92.6177 93.6795
0.281 92.6755 93.6795
0.282 92.7316 93.6795
0.283 92.7859 93.6795
0.284 92.8385 93.6795
0.285 92.8894 93.6795
0.286 92.9386 93.6795
0.287 92.9861 93.6795
0.288 93.0319 93.6795
0.289 93.0761 93.6795
0.29 93.1185 93.6795
0.291 93.1594 93.6795
0.292 93.1986 93.6795
0.293 93.2361 93.6795
0.294 93.2721 93.6795
0.295 93.3064 93.6795
0.296 93.3392 93.6795
0.297 93.3703 93.6795
0.298 93.3999 93.6795
0.299 93.4279 93.6795
0.3 93.4544 93.6795
0.301 93.4794 93.6795
0.302 93.5028 93.6795
0.303 93.5247 93.6795
0.304 93.5451 93.6795
0.305 93.564 93.6795
0.306 93.5814 93.6795
0.307 93.5974 93.6795
0.308 93.6119 93.6795
0.309 93.6249 93.6795
0.31 93.6366 93.6795
0.311 93.6468 93.6795
0.312 93.6556 93.6795
0.313 93.663 93.6795
0.314 93.669 93.6795
0.315 93.6736 93.6795
0.316 93.6769 93.6795
0.317 93.6789 93.6795
0.318 93.6795 93.6795
0.319 93.6788 93.6795
0.32 93.6767 93.6795
0.321 93.6734 93.6795
0.322 93.6688 93.6795
0.323 93.6629 93.6795
0.324 93.6558 93.6795
0.325 93.6474 93.6795
0.326 93.6378 93.6795
0.327 93.627 93.6795
0.328 93.6149 93.6795
0.329 93.6017 93.6795
0.33 93.5872 93.6795
0.331 93.5716 93.6795
0.332 93.5549 93.6795
0.333 93.537 93.6795
0.334 93.5179 93.6795
0.335 93.4978 93.6795
0.336 93.4765 93.6795
0.337 93.4541 93.6795
0.338 93.4307 93.6795
0.339 93.4062 93.6795
0.34 93.3806 93.6795
0.341 93.354 93.6795
0.342 93.3264 93.6795
0.343 93.2978 93.6795
0.344 93.2681 93.6795
0.345 93.2375 93.6795
0.346 93.2058 93.6795
0.347 93.1733 93.6795
0.348 93.1397 93.6795
0.349 93.1052 93.6795
0.35 93.0698 93.6795
0.351 93.0335 93.6795
0.352 92.9963 93.6795
0.353 92.9582 93.6795
0.354 92.9192 93.6795
0.355 92.8794 93.6795
0.356 92.8387 93.6795
0.357 92.7972 93.6795
0.358 92.7549 93.6795
0.359 92.7117 93.6795
0.36 92.6678 93.6795
0.361 92.623 93.6795
0.362 92.5776 93.6795
0.363 92.5313 93.6795
0.364 92.4843 93.6795
0.365 92.4366 93.6795
0.366 92.3881 93.6795
0.367 92.339 93.6795
0.368 92.2891 93.6795
0.369 92.2386 93.6795
0.37 92.1874 93.6795
0.371 92.1356 93.6795
0.372 92.0831 93.6795
0.373 92.0299 93.6795
0.374 91.9762 93.6795
0.375 91.9219 93.6795
0.376 91.8669 93.6795
0.377 91.8114 93.6795
0.378 91.7554 93.6795
0.379 91.6987 93.6795
0.38 91.6416 93.6795
0.381 91.5839 93.6795
0.382 91.5256 93.6795
0.383 91.4669 93.6795
0.384 91.4077 93.6795
0.385 91.348 93.6795
0.386 91.2879 93.6795
0.387 91.2273 93.6795
0.388 91.1662 93.6795
0.389 91.1047 93.6795
0.39 91.0428 93.6795
0.391 90.9805 93.6795
0.392 90.9178 93.6795
0.393 90.8547 93.6795
0.394 90.7912 93.6795
0.395 90.7274 93.6795
0.396 90.6633 93.6795
0.397 90.5988 93.6795
0.398 90.5339 87.4342
0.399 90.4688 87.4342
0.4 90.4034 87.4342
0.401 90.3376 87.4342
0.402 90.2716 87.4342
0.403 90.2054 87.4342
0.404 90.1389 87.4342
0.405 90.0721 87.4342
0.406 90.0051 87.4342
0.407 89.9379 87.4342
0.408 89.8704 87.4342
0.409 89.8028 87.4342
0.41 89.735 87.4342
0.411 89.667 87.4342
0.412 89.5988 87.4342
0.413 89.5305 87.4342
0.414 89.4621 87.4342
0.415 89.3935 87.4342
0.416 89.3247 87.4342
0.417 89.2559 87.4342
0.418 89.187 87.4342
0.419 89.118 87.4342
0.42 89.0488 87.4342
0.421 88.9797 87.4342
0.422 88.9104 87.4342
0.423 88.8411 87.4342
0.424 88.7718 87.4342
0.425 88.7024 87.4342
0.426 88.633 87.4342
0.427 88.5636 87.4342
0.428 88.4942 87.4342
0.429 88.4248 87.4342
0.43 88.3554 87.4342
0.431 88.2861 87.4342
0.432 88.2167 87.4342
0.433 88.1475 87.4342
0.434 88.0782 87.4342
0.435 88.0091 87.4342
0.436 87.94 87.4342
0.437 87.871 87.4342
0.438 87.802 87.4342
0.439 87.7332 87.4342
0.44 87.6645 87.4342
0.441 87.5959 87.4342
0.442 87.5274 87.4342
0.443 87.459 87.4342
0.444 87.3908 87.4342
0.445 87.3227 87.4342
0.446 87.2548 87.4342
0.447 87.1871 87.4342
0.448 87.1195 87.4342
0.449 87.0521 87.4342
0.45 86.9849 87.4342
0.451 86.9178 87.4342
0.452 86.851 87.4342
0.453 86.7844 87.4342
0.454 86.718 87.4342
0.455 86.6518 87.4342
0.456 86.5859 87.4342
0.457 86.5202 87.4342
0.458 86.4547 87.4342
0.459 86.3895 87.4342
0.46 86.3246 87.4342
0.461 86.2599 87.4342
0.462 86.1955 87.4342
0.463 86.1313 87.4342
0.464 86.0674 87.4342
0.465 86.0039 87.4342
0.466 85.9406 87.4342
0.467 85.8776 87.4342
0.468 85.8149 87.4342
0.469 85.7526 87.4342
0.47 85.6905 87.4342
0.471 85.6288 87.4342
0.472 85.5674 87.4342
0.473 85.5064 87.4342
0.474 85.4457 87.4342
0.475 85.3853 87.4342
0.476 85.3253 87.4342
0.477 85.2656 87.4342
0.478 85.2063 87.4342
0.479 85.1473 87.4342
0.48 85.0887 87.4342
0.481 85.0305 87.4342
0.482 84.9727 87.4342
0.483 84.9152 87.4342
0.484 84.8582 87.4342
0.485 84.8015 87.4342
0.486 84.7452 87.4342
0.487 84.6893 87.4342
0.488 84.6338 87.4342
0.489 84.5787 87.4342
0.49 84.524 87.4342
0.491 84.4697 87.4342
0.492 84.4158 87.4342
0.493 84.3624 87.4342
0.494 84.3093 81.1889
0.495 84.2567 81.1889
0.496 84.2045 81.1889
0.497 84.1527 81.1889
0.498 84.1014 81.1889
0.499 84.0505 81.1889
0.5 84 81.1889
0.501 83.95 81.1889
0.502 83.9003 81.1889
0.503 83.8512 81.1889
0.504 83.8024 81.1889
0.505 83.7541 81.1889
0.506 83.7063 81.1889
0.507 83.6589 81.1889
0.508 83.6119 81.1889
0.509 83.5654 81.1889
0.51 83.5193 81.1889
0.511 83.4737 81.1889
0.512 83.4286 81.1889
0.513 83.3838 81.1889
0.514 83.3396 81.1889
0.515 83.2957 81.1889
0.516 83.2524 81.1889
0.517 83.2095 81.1889
0.518 83.167 81.1889
0.519 83.125 81.1889
0.52 83.0834 81.1889
0.521 83.0423 81.1889
0.522 83.0016 81.1889
0.523 82.9614 81.1889
0.524 82.9217 81.1889
0.525 82.8823 81.1889
0.526 82.8435 81.1889
0.527 82.805 81.1889
0.528 82.7671 81.1889
0.529 82.7295 81.1889
0.53 82.6924 81.1889
0.531 82.6558 81.1889
0.532 82.6196 81.1889
0.533 82.5838 81.1889
0.534 82.5485 81.1889
0.535 82.5136 81.1889
0.536 82.4791 81.1889
0.537 82.4451 81.1889
0.538 82.4115 81.1889
0.539 82.3783 81.1889
0.54 82.3455 81.1889
0.541 82.3132 81.1889
0.542 82.2813 81.1889
0.543 82.2498 81.1889
0.544 82.2187 81.1889
0.545 82.188 81.1889
0.546 82.1577 81.1889
0.547 82.1278 81.1889
0.548 82.0984 81.1889
0.549 82.0693 81.1889
0.55 82.0406 81.1889
0.551 82.0123 81.1889
0.552 81.9844 81.1889
0.553 81.9569 81.1889
0.554 81.9297 81.1889
0.555 81.9029 81.1889
0.556 81.8765 81.1889
0.557 81.8505 81.1889
0.558 81.8248 81.1889
0.559 81.7995 81.1889
0.56 81.7745 81.1889
0.561 81.7499 81.1889
0.562 81.7256 81.1889
0.563 81.7016 81.1889
0.564 81.678 81.1889
0.565 81.6547 81.1889
0.566 81.6317 81.1889
0.567 81.6091 81.1889
0.568 81.5867 81.1889
0.569 81.5647 81.1889
0.57 81.543 81.1889
0.571 81.5215 81.1889
0.572 81.5004 81.1889
0.573 81.4795 81.1889
0.574 81.4589 81.1889
0.575 81.4386 81.1889
0.576 81.4185 81.1889
0.577 81.3987 81.1889
0.578 81.3792 81.1889
0.579 81.3599 81.1889
0.58 81.3408 81.1889
0.581 81.322 81.1889
0.582 81.3033 81.1889
0.583 81.285 81.1889
0.584 81.2668 81.1889
0.585 81.2488 81.1889
0.586 81.231 81.1889
0.587 81.2134 81.1889
0.588 81.196 81.1889
0.589 81.1788 81.1889
0.59 81.1618 81.1889
0.591 81.1449 81.1889
0.592 81.1281 81.1889
0.593 81.1115 81.1889
0.594 81.0951 81.1889
0.595 81.0788 81.1889
0.596 81.0625 81.1889
0.597 81.0465 81.1889
0.598 81.0305 81.1889
0.599 81.0146 81.1889
0.6 80.9988 81.1889
0.601 80.9831 81.1889
0.602 80.9675 81.1889
0.603 80.9519 81.1889
0.604 80.9364 81.1889
0.605 80.9209 81.1889
0.606 80.9055 81.1889
0.607 80.8901 81.1889
0.608 80.8747 81.1889
0.609 80.8594 81.1889
0.61 80.844 81.1889
0.611 80.8287 81.1889
0.612 80.8133 81.1889
0.613 80.7979 81.1889
0.614 80.7825 81.1889
0.615 80.767 81.1889
0.616 80.7515 81.1889
0.617 80.736 81.1889
0.618 80.7203 81.1889
0.619 80.7046 81.1889
0.62 80.6888 81.1889
0.621 80.6729 81.1889
0.622 80.6569 81.1889
0.623 80.6408 81.1889
0.624 80.6245 81.1889
0.625 80.6082 81.1889
0.626 80.5916 81.1889
0.627 80.575 81.1889
0.628 80.5581 81.1889
0.629 80.5411 81.1889
0.63 80.5239 81.1889
0.631 80.5065 81.1889
0.632 80.4889 81.1889
0.633 80.4711 81.1889
0.634 80.4531 81.1889
0.635 80.4348 81.1889
0.636 80.4163 81.1889
0.637 80.3975 81.1889
0.638 80.3785 81.1889
0.639 80.3592 81.1889
0.64 80.3396 81.1889
0.641 80.3197 81.1889
0.642 80.2995 81.1889
0.643 80.2789 81.1889
0.644 80.2581 81.1889
0.645 80.2369 81.1889
0.646 80.2154 81.1889
0.647 80.1935 81.1889
0.648 80.1712 81.1889
0.649 80.1486 81.1889
0.65 80.1256 81.1889
0.651 80.1021 81.1889
0.652 80.0783 81.1889
0.653 80.054 81.1889
0.654 80.0293 81.1889
0.655 80.0042 81.1889
0.656 79.9786 81.1889
0.657 79.9525 81.1889
0.658 79.926 81.1889
0.659 79.8989 81.1889
0.66 79.8714 81.1889
0.661 79.8434 81.1889
0.662 79.8148 81.1889
0.663 79.7857 81.1889
0.664 79.7561 81.1889
0.665 79.7259 81.1889
0.666 79.6952 81.1889
0.667 79.6638 81.1889
0.668 79.6319 81.1889
0.669 79.5994 81.1889
0.67 79.5663 81.1889
0.671 79.5326 81.1889
0.672 79.4982 81.1889
0.673 79.4633 81.1889
0.674 79.4276 81.1889
0.675 79.3913 81.1889
0.676 79.3543 81.1889
0.677 79.3167 81.1889
0.678 79.2783 81.1889
0.679 79.2393 81.1889
0.68 79.1995 81.1889
0.681 79.159 81.1889
0.682 79.1178 81.1889
0.683 79.0758 81.1889
0.684 79.0331 81.1889
0.685 78.9896 81.1889
0.686 78.9453 81.1889
0.687 78.9002 81.1889
0.688 78.8543 81.1889
0.689 78.8076 81.1889
0.69 78.7601 81.1889
0.691 78.7118 81.1889
0.692 78.6626 81.1889
0.693 78.6126 81.1889
0.694 78.5617 81.1889
0.695 78.5099 81.1889
0.696 78.4572 81.1889
0.697 78.4037 81.1889
0.698 78.3492 81.1889
0.699 78.2938 81.1889
0.7 78.2375 81.1889
0.701 78.1803 81.1889
0.702 78.1221 81.1889
0.703 78.0629 74.9436
0.704 78.0028 74.9436
0.705 77.9417 74.9436
0.706 77.8796 74.9436
0.707 77.8165 74.9436
0.708 77.7525 74.9436
0.709 77.6873 74.9436
0.71 77.6212 74.9436
0.711 77.554 74.9436
0.712 77.4858 74.9436
0.713 77.4165 74.9436
0.714 77.3462 74.9436
0.715 77.2747 74.9436
0.716 77.2022 74.9436
0.717 77.1286 74.9436
0.718 77.0539 74.9436
0.719 76.978 74.9436
0.72 76.9011 74.9436
0.721 76.823 74.9436
0.722 76.7437 74.9436
0.723 76.6634 74.9436
0.724 76.5818 74.9436
0.725 76.4991 74.9436
0.726 76.4152 74.9436
0.727 76.3301 74.9436
0.728 76.2438 74.9436
0.729 76.1562 74.9436
0.73 76.0675 74.9436
0.731 75.9776 74.9436
0.732 75.8864 74.9436
0.733 75.794 74.9436
0.734 75.7003 74.9436
0.735 75.6053 74.9436
0.736 75.5091 74.9436
0.737 75.4116 74.9436
0.738 75.3129 74.9436
0.739 75.2128 74.9436
0.74 75.1114 74.9436
0.741 75.0088 74.9436
0.742 74.9048 74.9436
0.743 74.7994 74.9436
0.744 74.6928 74.9436
0.745 74.5848 74.9436
0.746 74.4754 74.9436
0.747 74.3647 74.9436
0.748 74.2527 74.9436
0.749 74.1392 74.9436
0.75 74.0244 74.9436
0.751 73.9082 74.9436
0.752 73.7906 74.9436
0.753 73.6716 74.9436
0.754 73.5512 74.9436
0.755 73.4293 74.9436
0.756 73.3061 74.9436
0.757 73.1814 74.9436
0.758 73.0553 74.9436
0.759 72.9277 74.9436
0.76 72.7987 74.9436
0.761 72.6682 74.9436
0.762 72.5363 74.9436
0.763 72.4029 74.9436
0.764 72.2681 74.9436
0.765 72.1317 74.9436
0.766 71.9939 74.9436
0.767 71.8545 74.9436
0.768 71.7137 68.6983
0.769 71.5714 68.6983
0.77 71.4276 68.6983
0.771 71.2822 68.6983
0.772 71.1353 68.6983
0.773 70.9869 68.6983
0.774 70.837 68.6983
0.775 70.6855 68.6983
0.776 70.5325 68.6983
0.777 70.378 68.6983
0.778 70.2219 68.6983
0.779 70.0642 68.6983
0.78 69.905 68.6983
0.781 69.7442 68.6983
0.782 69.5819 68.6983
0.783 69.418 68.6983
0.784 69.2525 68.6983
0.785 69.0854 68.6983
0.786 68.9167 68.6983
0.787 68.7465 68.6983
0.788 68.5746 68.6983
0.789 68.4012 68.6983
0.79 68.2261 68.6983
0.791 68.0495 68.6983
0.792 67.8712 68.6983
0.793 67.6913 68.6983
0.794 67.5099 68.6983
0.795 67.3268 68.6983
0.796 67.1421 68.6983
0.797 66.9557 68.6983
0.798 66.7678 68.6983
0.799 66.5782 68.6983
0.8 66.387 68.6983
0.801 66.1941 68.6983
0.802 65.9997 68.6983
0.803 65.8035 68.6983
0.804 65.6058 68.6983
0.805 65.4064 62.453
0.806 65.2054 62.453
0.807 65.0027 62.453
0.808 64.7984 62.453
0.809 64.5924 62.453
0.81 64.3848 62.453
0.811 64.1755 62.453
0.812 63.9646 62.453
0.813 63.7521 62.453
0.814 63.5379 62.453
0.815 63.322 62.453
0.816 63.1045 62.453
0.817 62.8853 62.453
0.818 62.6645 62.453
0.819 62.442 62.453
0.82 62.2179 62.453
0.821 61.9921 62.453
0.822 61.7647 62.453
0.823 61.5356 62.453
0.824 61.3049 62.453
0.825 61.0725 62.453
0.826 60.8384 62.453
0.827 60.6028 62.453
0.828 60.3654 62.453
0.829 60.1264 62.453
0.83 59.8858 62.453
0.831 59.6435 62.453
0.832 59.3996 62.453
0.833 59.154 56.2077
0.834 58.9068 56.2077
0.835 58.658 56.2077
0.836 58.4075 56.2077
0.837 58.1553 56.2077
0.838 57.9016 56.2077
0.839 57.6462 56.2077
0.84 57.3892 56.2077
0.841 57.1305 56.2077
0.842 56.8703 56.2077
0.843 56.6084 56.2077
0.844 56.3448 56.2077
0.845 56.0797 56.2077
0.846 55.813 56.2077
0.847 55.5446 56.2077
0.848 55.2747 56.2077
0.849 55.0031 56.2077
0.85 54.7299 56.2077
0.851 54.4552 56.2077
0.852 54.1788 56.2077
0.853 53.9009 56.2077
0.854 53.6213 56.2077
0.855 53.3402 56.2077
0.856 53.0576 49.9624
0.857 52.7733 49.9624
0.858 52.4875 49.9624
0.859 52.2001 49.9624
0.86 51.9112 49.9624
0.861 51.6207 49.9624
0.862 51.3286 49.9624
0.863 51.035 49.9624
0.864 50.7399 49.9624
0.865 50.4432 49.9624
0.866 50.145 49.9624
0.867 49.8453 49.9624
0.868 49.5441 49.9624
0.869 49.2414 49.9624
0.87 48.9371 49.9624
0.871 48.6314 49.9624
0.872 48.3242 49.9624
0.873 48.0154 49.9624
0.874 47.7052 49.9624
0.875 47.3936 49.9624
0.876 47.0804 49.9624
0.877 46.7658 43.7171
0.878 46.4498 43.7171
0.879 46.1323 43.7171
0.88 45.8133 43.7171
0.881 45.4929 43.7171
0.882 45.1711 43.7171
0.883 44.8479 43.7171
0.884 44.5233 43.7171
0.885 44.1972 43.7171
0.886 43.8698 43.7171
0.887 43.541 43.7171
0.888 43.2108 43.7171
0.889 42.8792 43.7171
0.89 42.5463 43.7171
0.891 42.212 43.7171
0.892 41.8763 43.7171
0.893 41.5394 43.7171
0.894 41.201 43.7171
0.895 40.8614 43.7171
0.896 40.5205 37.4718
0.897 40.1782 37.4718
0.898 39.8346 37.4718
0.899 39.4898 37.4718
0.9 39.1437 37.4718
0.901 38.7963 37.4718
0.902 38.4477 37.4718
0.903 38.0978 37.4718
0.904 37.7466 37.4718
0.905 37.3943 37.4718
0.906 37.0407 37.4718
0.907 36.6859 37.4718
0.908 36.3299 37.4718
0.909 35.9727 37.4718
0.91 35.6143 37.4718
0.911 35.2547 37.4718
0.912 34.894 37.4718
0.913 34.5321 37.4718
0.914 34.1691 31.2265
0.915 33.805 31.2265
0.916 33.4397 31.2265
0.917 33.0734 31.2265
0.918 32.7059 31.2265
0.919 32.3373 31.2265
0.92 31.9677 31.2265
0.921 31.597 31.2265
0.922 31.2253 31.2265
0.923 30.8525 31.2265
0.924 30.4786 31.2265
0.925 30.1038 31.2265
0.926 29.7279 31.2265
0.927 29.3511 31.2265
0.928 28.9732 31.2265
0.929 28.5944 31.2265
0.93 28.2146 31.2265
0.931 27.8339 24.9812
0.932 27.4522 24.9812
0.933 27.0696 24.9812
0.934 26.6861 24.9812
0.935 26.3016 24.9812
0.936 25.9163 24.9812
0.937 25.5301 24.9812
0.938 25.143 24.9812
0.939 24.7551 24.9812
0.94 24.3664 24.9812
0.941 23.9768 24.9812
0.942 23.5864 24.9812
0.943 23.1951 24.9812
0.944 22.8031 24.9812
0.945 22.4103 24.9812
0.946 22.0168 24.9812
0.947 21.6225 18.7359
0.948 21.2274 18.7359
0.949 20.8317 18.7359
0.95 20.4352 18.7359
0.951 20.038 18.7359
0.952 19.6401 18.7359
0.953 19.2415 18.7359
0.954 18.8423 18.7359
0.955 18.4424 18.7359
0.956 18.0419 18.7359
0.957 17.6408 18.7359
0.958 17.239 18.7359
0.959 16.8367 18.7359
0.96 16.4338 18.7359
0.961 16.0303 18.7359
0.962 15.6263 18.7359
0.963 15.2217 12.4906
0.964 14.8166 12.4906
0.965 14.411 12.4906
0.966 14.0048 12.4906
0.967 13.5982 12.4906
0.968 13.1912 12.4906
0.969 12.7836 12.4906
0.97 12.3756 12.4906
0.971 11.9672 12.4906
0.972 11.5584 12.4906
0.973 11.1492 12.4906
0.974 10.7396 12.4906
0.975 10.3296 12.4906
0.976 9.91921 12.4906
0.977 9.50851 12.4906
0.978 9.09748 6.2453
0.979 8.68614 6.2453
0.98 8.27449 6.2453
0.981 7.86255 6.2453
0.982 7.45034 6.2453
0.983 7.03787 6.2453
0.984 6.62515 6.2453
0.985 6.2122 6.2453
0.986 5.79903 6.2453
0.987 5.38566 6.2453
0.988 4.97211 6.2453
0.989 4.55838 6.2453
0.99 4.14448 6.2453
0.991 3.73045 6.2453
0.992 3.31628 6.2453
0.993 2.902 0
0.994 2.48762 0
0.995 2.07315 0
0.996 1.65861 0
0.997 1.24401 0
0.998 0.829361 0
0.999 0.414688 0
1 1.61653e-14 0
1.001 -0.414688 0
1.002 -0.829361 0
1.003 -1.24401 0
1.004 -1.65861 0
1.005 -2.07315 0
1.006 -2.48762 0
1.007 -2.902 0
1.008 -3.31628 -6.2453
1.009 -3.73045 -6.2453
1.01 -4.14448 -6.2453
1.011 -4.55838 -6.2453
1.012 -4.97211 -6.2453
1.013 -5.38566 -6.2453
1.014 -5.79903 -6.2453
1.015 -6.2122 -6.2453
1.016 -6.62515 -6.2453
1.017 -7.03787 -6.2453
1.018 -7.45034 -6.2453
1.019 -7.86255 -6.2453
1.02 -8.27449 -6.2453
1.021 -8.68614 -6.2453
1.022 -9.09748 -6.2453
1.023 -9.50851 -12.4906
1.024 -9.91921 -12.4906
1.025 -10.3296 -12.4906
1.026 -10.7396 -12.4906
1.027 -11.1492 -12.4906
1.028 -11.5584 -12.4906
1.029 -11.9672 -12.4906
1.03 -12.3756 -12.4906
1.031 -12.7836 -12.4906
1.032 -13.1912 -12.4906
1.033 -13.5982 -12.4906
1.034 -14.0048 -12.4906
1.035 -14.411 -12.4906
1.036 -14.8166 -12.4906
1.037 -15.2217 -12.4906
1.038 -15.6263 -18.7359
1.039 -16.0303 -18.7359
1.04 -16.4338 -18.7359
1.041 -16.8367 -18.7359
1.042 -17.239 -18.7359
1.043 -17.6408 -18.7359
1.044 -18.0419 -18.7359
1.045 -18.4424 -18.7359
1.046 -18.8423 -18.7359
1.047 -19.2415 -18.7359
1.048 -19.6401 -18.7359
1.049 -20.038 -18.7359
1.05 -20.4352 -18.7359
1.051 -20.8317 -18.7359
1.052 -21.2274 -18.7359
1.053 -21.6225 -18.7359
1.054 -22.0168 -24.9812
1.055 -22.4103 -24.9812
1.056 -22.8031 -24.9812
1.057 -23.1951 -24.9812
1.058 -23.5864 -24.9812
1.059 -23.9768 -24.9812
1.06 -24.3664 -24.9812
1.061 -24.7551 -24.9812
1.062 -25.143 -24.9812
1.063 -25.5301 -24.9812
1.064 -25.9163 -24.9812
1.065 -26.3016 -24.9812
1.066 -26.6861 -24.9812
1.067 -27.0696 -24.9812
1.068 -27.4522 -24.9812
1.069 -27.8339 -24.9812
1.07 -28.2146 -31.2265
1.071 -28.5944 -31.2265
1.072 -28.9732 -31.2265
1.073 -29.3511 -31.2265
1.074 -29.7279 -31.2265
1.075 -30.1038 -31.2265
1.076 -30.4786 -31.2265
1.077 -30.8525 -31.2265
1.078 -31.2253 -31.2265
1.079 -31.597 -31.2265
1.08 -31.9677 -31.2265
1.081 -32.3373 -31.2265
1.082 -32.7059 -31.2265
1.083 -33.0734 -31.2265
1.084 -33.4397 -31.2265
1.085 -33.805 -31.2265
1.086 -34.1691 -31.2265
1.087 -34.5321 -37.4718
1.088 -34.894 -37.4718
1.089 -35.2547 -37.4718
1.09 -35.6143 -37.4718
1.091 -35.9727 -37.4718
1.092 -36.3299 -37.4718
1.093 -36.6859 -37.4718
1.094 -37.0407 -37.4718
1.095 -37.3943 -37.4718
1.096 -37.7466 -37.4718
1.097 -38.0978 -37.4718
1.098 -38.4477 -37.4718
1.099 -38.7963 -37.4718
1.1 -39.1437 -37.4718
1.101 -39.4898 -37.4718
1.102 -39.8346 -37.4718
1.103 -40.1782 -37.4718
1.104 -40.5205 -37.4718
1.105 -40.8614 -43.7171
1.106 -41.201 -43.7171
1.107 -41.5394 -43.7171
1.108 -41.8763 -43.7171
1.109 -42.212 -43.7171
1.11 -42.5463 -43.7171
1.111 -42.8792 -43.7171
1.112 -43.2108 -43.7171
1.113 -43.541 -43.7171
1.114 -43.8698 -43.7171
1.115 -44.1972 -43.7171
1.116 -44.5233 -43.7171
1.117 -44.8479 -43.7171
1.118 -45.1711 -43.7171
1.119 -45.4929 -43.7171
1.12 -45.8133 -43.7171
1.121 -46.1323 -43.7171
1.122 -46.4498 -43.7171
1.123 -46.7658 -43.7171
1.124 -47.0804 -49.9624
1.125 -47.3936 -49.9624
1.126 -47.7052 -49.9624
1.127 -48.0154 -49.9624
1.128 -48.3242 -49.9624
1.129 -48.6314 -49.9624
1.13 -48.9371 -49.9624
1.131 -49.2414 -49.9624
1.132 -49.5441 -49.9624
1.133 -49.8453 -49.9624
1.134 -50.145 -49.9624
1.135 -50.4432 -49.9624
1.136 -50.7399 -49.9624
1.137 -51.035 -49.9624
1.138 -51.3286 -49.9624
1.139 -51.6207 -49.9624
1.14 -51.9112 -49.9624
1.141 -52.2001 -49.9624
1.142 -52.4875 -49.9624
1.143 -52.7733 -49.9624
1.144 -53.0576 -49.9624
1.145 -53.3402 -56.2077
1.146 -53.6213 -56.2077
1.147 -53.9009 -56.2077
1.148 -54.1788 -56.2077
1.149 -54.4552 -56.2077
1.15 -54.7299 -56.2077
1.151 -55.0031 -56.2077
1.152 -55.2747 -56.2077
1.153 -55.5446 -56.2077
1.154 -55.813 -56.2077
1.155 -56.0797 -56.2077
1.156 -56.3448 -56.2077
1.157 -56.6084 -56.2077
1.158 -56.8703 -56.2077
1.159 -57.1305 -56.2077
1.16 -57.3892 -56.2077
1.161 -57.6462 -56.2077
1.162 -57.9016 -56.2077
1.163 -58.1553 -56.2077
1.164 -58.4075 -56.2077
1.165 -58.658 -56.2077
1.166 -58.9068 -56.2077
1.167 -59.154 -56.2077
1.168 -59.3996 -62.453
1.169 -59.6435 -62.453
1.17 -59.8858 -62.453
1.171 -60.1264 -62.453
1.172 -60.3654 -62.453
1.173 -60.6028 -62.453
1.174 -60.8384 -62.453
1.175 -61.0725 -62.453
1.176 -61.3049 -62.453
1.177 -61.5356 -62.453
1.178 -61.7647 -62.453
1.179 -61.9921 -62.453
1.18 -62.2179 -62.453
1.181 -62.442 -62.453
1.182 -62.6645 -62.453
1.183 -62.8853 -62.453
1.184 -63.1045 -62.453
1.185 -63.322 -62.453
1.186 -63.5379 -62.453
1.187 -63.7521 -62.453
1.188 -63.9646 -62.453
1.189 -64.1755 -62.453
1.19 -64.3848 -62.453
1.191 -64.5924 -62.453
1.192 -64.7984 -62.453
1.193 -65.0027 -62.453
1.194 -65.2054 -62.453
1.195 -65.4064 -62.453
1.196 -65.6058 -68.6983
1.197 -65.8035 -68.6983
1.198 -65.9997 -68.6983
1.199 -66.1941 -68.6983
1.2 -66.387 -68.6983
1.201 -66.5782 -68.6983
1.202 -66.7678 -68.6983
1.203 -66.9557 -68.6983
1.204 -67.1421 -68.6983
1.205 -67.3268 -68.6983
1.206 -67.5099 -68.6983
1.207 -67.6913 -68.6983
1.208 -67.8712 -68.6983
1.209 -68.0495 -68.6983
1.21 -68.2261 -68.6983
1.211 -68.4012 -68.6983
1.212 -68.5746 -68.6983
1.213 -68.7465 -68.6983
1.214 -68.9167 -68.6983
1.215 -69.0854 -68.6983
1.216 -69.2525 -68.6983
1.217 -69.418 -68.6983
1.218 -69.5819 -68.6983
1.219 -69.7442 -68.6983
1.22 -69.905 -68.6983
1.221 -70.0642 -68.6983
1.222 -70.2219 -68.6983
1.223 -70.378 -68.6983
1.224 -70.5325 -68.6983
1.225 -70.6855 -68.6983
1.226 -70.837 -68.6983
1.227 -70.9869 -68.6983
1.228 -71.1353 -68.6983
1.229 -71.2822 -68.6983
1.23 -71.4276 -68.6983
1.231 -71.5714 -68.6983
1.232 -71.7137 -68.6983
1.233 -71.8545 -74.9436
1.234 -71.9939 -74.9436
1.235 -72.1317 -74.9436
1.236 -72.2681 -74.9436
1.237 -72.4029 -74.9436
1.238 -72.5363 -74.9436
1.239 -72.6682 -74.9436
1.24 -72.7987 -74.9436
1.241 -72.9277 -74.9436
1.242 -73.0553 -74.9436
1.243 -73.1814 -74.9436
1.244 -73.3061 -74.9436
1.245 -73.4293 -74.9436
1.246 -73.5512 -74.9436
1.247 -73.6716 -74.9436
1.248 -73.7906 -74.9436
1.249 -73.9082 -74.9436
1.25 -74.0244 -74.9436
1.251 -74.1392 -74.9436
1.252 -74.2527 -74.9436
1.253 -74.3647 -74.9436
1.254 -74.4754 -74.9436
1.255 -74.5848 -74.9436
1.256 -74.6928 -74.9436
1.257 -74.7994 -74.9436
1.258 -74.9048 -74.9436
1.259 -75.0088 -74.9436
1.26 -75.1114 -74.9436
1.261 -75.2128 -74.9436
1.262 -75.3129 -74.9436
1.263 -75.4116 -74.9436
1.264 -75.5091 -74.9436
1.265 -75.6053 -74.9436
1.266 -75.7003 -74.9436
1.267 -75.794 -74.9436
1.268 -75.8864 -74.9436
1.269 -75.9776 -74.9436
1.27 -76.0675 -74.9436
1.271 -76.1562 -74.9436
1.272 -76.2438 -74.9436
1.273 -76.3301 -74.9436
1.274 -76.4152 -74.9436
1.275 -76.4991 -74.9436
1.276 -76.5818 -74.9436
1.277 -76.6634 -74.9436
1.278 -76.7437 -74.9436
1.279 -76.823 -74.9436
1.28 -76.9011 -74.9436
1.281 -76.978 -74.9436
1.282 -77.0539 -74.9436
1.283 -77.1286 -74.9436
1.284 -77.2022 -74.9436
1.285 -77.2747 -74.9436
1.286 -77.3462 -74.9436
1.287 -77.4165 -74.9436
1.288 -77.4858 -74.9436
1.289 -77.554 -74.9436
1.29 -77.6212 -74.9436
1.291 -77.6873 -74.9436
1.292 -77.7525 -74.9436
1.293 -77.8165 -74.9436
1.294 -77.8796 -74.9436
1.295 -77.9417 -74.9436
1.296 -78.0028 -74.9436
1.297 -78.0629 -74.9436
1.298 -78.1221 -81.1889
1.299 -78.1803 -81.1889
1.3 -78.2375 -81.1889
1.301 -78.2938 -81.1889
1.302 -78.3492 -81.1889
1.303 -78.4037 -81.1889
1.304 -78.4572 -81.1889
1.305 -78.5099 -81.1889
1.306 -78.5617 -81.1889
1.307 -78.6126 -81.1889
1.308 -78.6626 -81.1889
1.309 -78.7118 -81.1889
1.31 -78.7601 -81.1889
1.311 -78.8076 -81.1889
1.312 -78.8543 -81.1889
1.313 -78.9002 -81.1889
1.314 -78.9453 -81.1889
1.315 -78.9896 -81.1889
1.316 -79.0331 -81.1889
1.317 -79.0758 -81.1889
1.318 -79.1178 -81.1889
1.319 -79.159 -81.1889
1.32 -79.1995 -81.1889
1.321 -79.2393 -81.1889
1.322 -79.2783 -81.1889
1.323 -79.3167 -81.1889
1.324 -79.3543 -81.1889
1.325 -79.3913 -81.1889
1.326 -79.4276 -81.1889
1.327 -79.4633 -81.1889
1.328 -79.4982 -81.1889
1.329 -79.5326 -81.1889
1.33 -79.5663 -81.1889
1.331 -79.5994 -81.1889
1.332 -79.6319 -81.1889
1.333 -79.6638 -81.1889
1.334 -79.6952 -81.1889
1.335 -79.7259 -81.1889
1.336 -79.7561 -81.1889
1.337 -79.7857 -81.1889
1.338 -79.8148 -81.1889
1.339 -79.8434 -81.1889
1.34 -79.8714 -81.1889
1.341 -79.8989 -81.1889
1.342 -79.926 -81.1889
1.343 -79.9525 -81.1889
1.344 -79.9786 -81.1889
1.345 -80.0042 -81.1889
1.346 -80.0293 -81.1889
1.347 -80.054 -81.1889
1.348 -80.0783 -81.1889
1.349 -80.1021 -81.1889
1.35 -80.1256 -81.1889
1.351 -80.1486 -81.1889
1.352 -80.1712 -81.1889
1.353 -80.1935 -81.1889
1.354 -80.2154 -81.1889
1.355 -80.2369 -81.1889
1.356 -80.2581 -81.1889
1.357 -80.2789 -81.1889
1.358 -80.2995 -81.1889
1.359 -80.3197 -81.1889
1.36 -80.3396 -81.1889
1.361 -80.3592 -81.1889
1.362 -80.3785 -81.1889
1.363 -80.3975 -81.1889
1.364 -80.4163 -81.1889
1.365 -80.4348 -81.1889
1.366 -80.4531 -81.1889
1.367 -80.4711 -81.1889
1.368 -80.4889 -81.1889
1.369 -80.5065 -81.1889
1.37 -80.5239 -81.1889
1.371 -80.5411 -81.1889
1.372 -80.5581 -81.1889
1.373 -80.575 -81.1889
1.374 -80.5916 -81.1889
1.375 -80.6082 -81.1889
1.376 -80.6245 -81.1889
1.377 -80.6408 -81.1889
1.378 -80.6569 -81.1889
1.379 -80.6729 -81.1889
1.38 -80.6888 -81.1889
1.381 -80.7046 -81.1889
1.382 -80.7203 -81.1889
1.383 -80.736 -81.1889
1.384 -80.7515 -81.1889
1.385 -80.767 -81.1889
1.386 -80.7825 -81.1889
1.387 -80.7979 -81.1889
1.388 -80.8133 -81.1889
1.389 -80.8287 -81.1889
1.39 -80.844 -81.1889
1.391 -80.8594 -81.1889
1.392 -80.8747 -81.1889
1.393 -80.8901 -81.1889
1.394 -80.9055 -81.1889
1.395 -80.9209 -81.1889
1.396 -80.9364 -81.1889
1.397 -80.9519 -81.1889
1.398 -80.9675 -81.1889
1.399 -80.9831 -81.1889
1.4 -80.9988 -81.1889
1.401 -81.0146 -81.1889
1.402 -81.0305 -81.1889
1.403 -81.0465 -81.1889
1.404 -81.0625 -81.1889
1.405 -81.0788 -81.1889
1.406 -81.0951 -81.1889
1.407 -81.1115 -81.1889
1.408 -81.1281 -81.1889
1.409 -81.1449 -81.1889
1.41 -81.1618 -81.1889
1.411 -81.1788 -81.1889
1.412 -81.196 -81.1889
1.413 -81.2134 -81.1889
1.414 -81.231 -81.1889
1.415 -81.2488 -81.1889
1.416 -81.2668 -81.1889
1.417 -81.285 -81.1889
1.418 -81.3033 -81.1889
1.419 -81.322 -81.1889
1.42 -81.3408 -81.1889
1.421 -81.3599 -81.1889
1.422 -81.3792 -81.1889
1.423 -81.3987 -81.1889
1.424 -81.4185 -81.1889
1.425 -81.4386 -81.1889
1.426 -81.4589 -81.1889
1.427 -81.4795 -81.1889
1.428 -81.5004 -81.1889
1.429 -81.5215 -81.1889
1.43 -81.543 -81.1889
1.431 -81.5647 -81.1889
1.432 -81.5867 -81.1889
1.433 -81.6091 -81.1889
1.434 -81.6317 -81.1889
1.435 -81.6547 -81.1889
1.436 -81.678 -81.1889
1.437 -81.7016 -81.1889
1.438 -81.7256 -81.1889
1.439 -81.7499 -81.1889
1.44 -81.7745 -81.1889
1.441 -81.7995 -81.1889
1.442 -81.8248 -81.1889
1.443 -81.8505 -81.1889
1.444 -81.8765 -81.1889
1.445 -81.9029 -81.1889
1.446 -81.9297 -81.1889
1.447 -81.9569 -81.1889
1.448 -81.9844 -81.1889
1.449 -82.0123 -81.1889
1.45 -82.0406 -81.1889
1.451 -82.0693 -81.1889
1.452 -82.0984 -81.1889
1.453 -82.1278 -81.1889
1.454 -82.1577 -81.1889
1.455 -82.188 -81.1889
1.456 -82.2187 -81.1889
1.457 -82.2498 -81.1889
1.458 -82.2813 -81.1889
1.459 -82.3132 -81.1889
1.46 -82.3455 -81.1889
1.461 -82.3783 -81.1889
1.462 -82.4115 -81.1889
1.463 -82.4451 -81.1889
1.464 -82.4791 -81.1889
1.465 -82.5136 -81.1889
1.466 -82.5485 -81.1889
1.467 -82.5838 -81.1889
1.468 -82.6196 -81.1889
1.469 -82.6558 -81.1889
1.47 -82.6924 -81.1889
1.471 -82.7295 -81.1889
1.472 -82.7671 -81.1889
1.473 -82.805 -81.1889
1.474 -82.8435 -81.1889
1.475 -82.8823 -81.1889
1.476 -82.9217 -81.1889
1.477 -82.9614 -81.1889
1.478 -83.0016 -81.1889
1.479 -83.0423 -81.1889
1.48 -83.0834 -81.1889
1.481 -83.125 -81.1889
1.482 -83.167 -81.1889
1.483 -83.2095 -81.1889
1.484 -83.2524 -81.1889
1.485 -83.2957 -81.1889
1.486 -83.3396 -81.1889
1.487 -83.3838 -81.1889
1.488 -83.4286 -81.1889
1.489 -83.4737 -81.1889
1.49 -83.5193 -81.1889
1.491 -83.5654 -81.1889
1.492 -83.6119 -81.1889
1.493 -83.6589 -81.1889
1.494 -83.7063 -81.1889
1.495 -83.7541 -81.1889
1.496 -83.8024 -81.1889
1.497 -83.8512 -81.1889
1.498 -83.9003 -81.1889
1.499 -83.95 -81.1889
1.5 -84 -81.1889
1.501 -84.0505 -81.1889
1.502 -84.1014 -81.1889
1.503 -84.1527 -81.1889
1.504 -84.2045 -81.1889
1.505 -84.2567 -81.1889
1.506 -84.3093 -81.1889
1.507 -84.3624 -87.4342
1.508 -84.4158 -87.4342
1.509 -84.4697 -87.4342
1.51 -84.524 -87.4342
1.511 -84.5787 -87.4342
1.512 -84.6338 -87.4342
1.513 -84.6893 -87.4342
1.514 -84.7452 -87.4342
1.515 -84.8015 -87.4342
1.516 -84.8582 -87.4342
1.517 -84.9152 -87.4342
1.518 -84.9727 -87.4342
1.519 -85.0305 -87.4342
1.52 -85.0887 -87.4342
1.521 -85.1473 -87.4342
1.522 -85.2063 -87.4342
1.523 -85.2656 -87.4342
1.524 -85.3253 -87.4342
1.525 -85.3853 -87.4342
1.526 -85.4457 -87.4342
1.527 -85.5064 -87.4342
1.528 -85.5674 -87.4342
1.529 -85.6288 -87.4342
1.53 -85.6905 -87.4342
1.531 -85.7526 -87.4342
1.532 -85.8149 -87.4342
1.533 -85.8776 -87.4342
1.534 -85.9406 -87.4342
1.535 -86.0039 -87.4342
1.536 -86.0674 -87.4342
1.537 -86.1313 -87.4342
1.538 -86.1955 -87.4342
1.539 -86.2599 -87.4342
1.54 -86.3246 -87.4342
1.541 -86.3895 -87.4342
1.542 -86.4547 -87.4342
1.543 -86.5202 -87.4342
1.544 -86.5859 -87.4342
1.545 -86.6518 -87.4342
1.546 -86.718 -87.4342
1.547 -86.7844 -87.4342
1.548 -86.851 -87.4342
1.549 -86.9178 -87.4342
1.55 -86.9849 -87.4342
1.551 -87.0521 -87.4342
1.552 -87.1195 -87.4342
1.553 -87.1871 -87.4342
1.554 -87.2548 -87.4342
1.555 -87.3227 -87.4342
1.556 -87.3908 -87.4342
1.557 -87.459 -87.4342
1.558 -87.5274 -87.4342
1.559 -87.5959 -87.4342
1.56 -87.6645 -87.4342
1.561 -87.7332 -87.4342
1.562 -87.802 -87.4342
1.563 -87.871 -87.4342
1.564 -87.94 -87.4342
1.565 -88.0091 -87.4342
1.566 -88.0782 -87.4342
1.567 -88.1475 -87.4342
1.568 -88.2167 -87.4342
1.569 -88.2861 -87.4342
1.57 -88.3554 -87.4342
1.571 -88.4248 -87.4342
1.572 -88.4942 -87.4342
1.573 -88.5636 -87.4342
1.574 -88.633 -87.4342
1.575 -88.7024 -87.4342
1.576 -88.7718 -87.4342
1.577 -88.8411 -87.4342
1.578 -88.9104 -87.4342
1.579 -88.9797 -87.4342
1.58 -89.0488 -87.4342
1.581 -89.118 -87.4342
1.582 -89.187 -87.4342
1.583 -89.2559 -87.4342
1.584 -89.3247 -87.4342
1.585 -89.3935 -87.4342
1.586 -89.4621 -87.4342
1.587 -89.5305 -87.4342
1.588 -89.5988 -87.4342
1.589 -89.667 -87.4342
1.59 -89.735 -87.4342
1.591 -89.8028 -87.4342
1.592 -89.8704 -87.4342
1.593 -89.9379 -87.4342
1.594 -90.0051 -87.4342
1.595 -90.0721 -87.4342
1.596 -90.1389 -87.4342
1.597 -90.2054 -87.4342
1.598 -90.2716 -87.4342
1.599 -90.3376 -87.4342
1.6 -90.4034 -87.4342
1.601 -90.4688 -87.4342
1.602 -90.5339 -87.4342
1.603 -90.5988 -93.6795
1.604 -90.6633 -93.6795
1.605 -90.7274 -93.6795
1.606 -90.7912 -93.6795
1.607 -90.8547 -93.6795
1.608 -90.9178 -93.6795
1.609 -90.9805 -93.6795
1.61 -91.0428 -93.6795
1.611 -91.1047 -93.6795
1.612 -91.1662 -93.6795
1.613 -91.2273 -93.6795
1.614 -91.2879 -93.6795
1.615 -91.348 -93.6795
1.616 -91.4077 -93.6795
1.617 -91.4669 -93.6795
1.618 -91.5256 -93.6795
1.619 -91.5839 -93.6795
1.62 -91.6416 -93.6795
1.621 -91.6987 -93.6795
1.622 -91.7554 -93.6795
1.623 -91.8114 -93.6795
1.624 -91.8669 -93.6795
1.625 -91.9219 -93.6795
1.626 -91.9762 -93.6795
1.627 -92.0299 -93.6795
1.628 -92.0831 -93.6795
1.629 -92.1356 -93.6795
1.63 -92.1874 -93.6795
1.631 -92.2386 -93.6795
1.632 -92.2891 -93.6795
1.633 -92.339 -93.6795
1.634 -92.3881 -93.6795
1.635 -92.4366 -93.6795
1.636 -92.4843 -93.6795
1.637 -92.5313 -93.6795
1.638 -92.5776 -93.6795
1.639 -92.623 -93.6795
1.64 -92.6678 -93.6795
1.641 -92.7117 -93.6795
1.642 -92.7549 -93.6795
1.643 -92.7972 -93.6795
1.644 -92.8387 -93.6795
1.645 -92.8794 -93.6795
1.646 -92.9192 -93.6795
1.647 -92.9582 -93.6795
1.648 -92.9963 -93.6795
1.649 -93.0335 -93.6795
1.65 -93.0698 -93.6795
1.651 -93.1052 -93.6795
1.652 -93.1397 -93.6795
1.653 -93.1733 -93.6795
1.654 -93.2058 -93.6795
1.655 -93.2375 -93.6795
1.656 -93.2681 -93.6795
1.657 -93.2978 -93.6795
1.658 -93.3264 -93.6795
1.659 -93.354 -93.6795
1.66 -93.3806 -93.6795
1.661 -93.4062 -93.6795
1.662 -93.4307 -93.6795
1.663 -93.4541 -93.6795
1.664 -93.4765 -93.6795
1.665 -93.4978 -93.6795
1.666 -93.5179 -93.6795
1.667 -93.537 -93.6795
1.668 -93.5549 -93.6795
1.669 -93.5716 -93.6795
1.67 -93.5872 -93.6795
1.671 -93.6017 -93.6795
1.672 -93.6149 -93.6795
1.673 -93.627 -93.6795
1.674 -93.6378 -93.6795
1.675 -93.6474 -93.6795
1.676 -93.6558 -93.6795
1.677 -93.6629 -93.6795
1.678 -93.6688 -93.6795
1.679 -93.6734 -93.6795
1.68 -93.6767 -93.6795
1.681 -93.6788 -93.6795
1.682 -93.6795 -93.6795
1.683 -93.6789 -93.6795
1.684 -93.6769 -93.6795
1.685 -93.6736 -93.6795
1.686 -93.669 -93.6795
1.687 -93.663 -93.6795
1.688 -93.6556 -93.6795
1.689 -93.6468 -93.6795
1.69 -93.6366 -93.6795
1.691 -93.6249 -93.6795
1.692 -93.6119 -93.6795
1.693 -93.5974 -93.6795
1.694 -93.5814 -93.6795
1.695 -93.564 -93.6795
1.696 -93.5451 -93.6795
1.697 -93.5247 -93.6795
1.698 -93.5028 -93.6795
1.699 -93.4794 -93.6795
1.7 -93.4544 -93.6795
1.701 -93.4279 -93.6795
1.702 -93.3999 -93.6795
1.703 -93.3703 -93.6795
1.704 -93.3392 -93.6795
1.705 -93.3064 -93.6795
1.706 -93.2721 -93.6795
1.707 -93.2361 -93.6795
1.708 -93.1986 -93.6795
1.709 -93.1594 -93.6795
1.71 -93.1185 -93.6795
1.711 -93.0761 -93.6795
1.712 -93.0319 -93.6795
1.713 -92.9861 -93.6795
1.714 -92.9386 -93.6795
1.715 -92.8894 -93.6795
1.716 -92.8385 -93.6795
1.717 -92.7859 -93.6795
1.718 -92.7316 -93.6795
1.719 -92.6755 -93.6795
1.72 -92.6177 -93.6795
1.721 -92.5581 -93.6795
1.722 -92.4968 -93.6795
1.723 -92.4337 -93.6795
1.724 -92.3688 -93.6795
1.725 -92.3021 -93.6795
1.726 -92.2336 -93.6795
1.727 -92.1633 -93.6795
1.728 -92.0911 -93.6795
1.729 -92.0172 -93.6795
1.73 -91.9414 -93.6795
1.731 -91.8637 -93.6795
1.732 -91.7842 -93.6795
1.733 -91.7028 -93.6795
1.734 -91.6195 -93.6795
1.735 -91.5343 -93.6795
1.736 -91.4473 -93.6795
1.737 -91.3583 -93.6795
1.738 -91.2674 -93.6795
1.739 -91.1746 -93.6795
1.74 -91.0799 -93.6795
1.741 -90.9832 -93.6795
1.742 -90.8845 -93.6795
1.743 -90.784 -93.6795
1.744 -90.6814 -93.6795
1.745 -90.5769 -93.6795
1.746 -90.4704 -87.4342
1.747 -90.3619 -87.4342
1.748 -90.2514 -87.4342
1.749 -90.1389 -87.4342
1.75 -90.0244 -87.4342
1.751 -89.9079 -87.4342
1.752 -89.7893 -87.4342
1.753 -89.6687 -87.4342
1.754 -89.5461 -87.4342
1.755 -89.4214 -87.4342
1.756 -89.2947 -87.4342
1.757 -89.1659 -87.4342
1.758 -89.0351 -87.4342
1.759 -88.9021 -87.4342
1.76 -88.7671 -87.4342
1.761 -88.63 -87.4342
1.762 -88.4909 -87.4342
1.763 -88.3496 -87.4342
1.764 -88.2062 -87.4342
1.765 -88.0607 -87.4342
1.766 -87.9131 -87.4342
1.767 -87.7634 -87.4342
1.768 -87.6115 -87.4342
1.769 -87.4575 -87.4342
1.77 -87.3014 -87.4342
1.771 -87.1431 -87.4342
1.772 -86.9827 -87.4342
1.773 -86.8202 -87.4342
1.774 -86.6554 -87.4342
1.775 -86.4886 -87.4342
1.776 -86.3195 -87.4342
1.777 -86.1483 -87.4342
1.778 -85.9749 -87.4342
1.779 -85.7993 -87.4342
1.78 -85.6216 -87.4342
1.781 -85.4417 -87.4342
1.782 -85.2596 -87.4342
1.783 -85.0752 -87.4342
1.784 -84.8887 -87.4342
1.785 -84.7 -87.4342
1.786 -84.5091 -87.4342
1.787 -84.316 -87.4342
1.788 -84.1207 -81.1889
1.789 -83.9232 -81.1889
1.79 -83.7234 -81.1889
1.791 -83.5215 -81.1889
1.792 -83.3173 -81.1889
1.793 -83.1109 -81.1889
1.794 -82.9023 -81.1889
1.795 -82.6915 -81.1889
1.796 -82.4784 -81.1889
1.797 -82.2631 -81.1889
1.798 -82.0456 -81.1889
1.799 -81.8259 -81.1889
1.8 -81.6039 -81.1889
1.801 -81.3797 -81.1889
1.802 -81.1532 -81.1889
1.803 -80.9245 -81.1889
1.804 -80.6936 -81.1889
1.805 -80.4605 -81.1889
1.806 -80.2251 -81.1889
1.807 -79.9875 -81.1889
1.808 -79.7476 -81.1889
1.809 -79.5055 -81.1889
1.81 -79.2612 -81.1889
1.811 -79.0147 -81.1889
1.812 -78.7659 -81.1889
1.813 -78.5148 -81.1889
1.814 -78.2616 -81.1889
1.815 -78.0061 -74.9436
1.816 -77.7483 -74.9436
1.817 -77.4884 -74.9436
1.818 -77.2262 -74.9436
1.819 -76.9618 -74.9436
1.82 -76.6951 -74.9436
1.821 -76.4263 -74.9436
1.822 -76.1552 -74.9436
1.823 -75.8819 -74.9436
1.824 -75.6063 -74.9436
1.825 -75.3286 -74.9436
1.826 -75.0486 -74.9436
1.827 -74.7665 -74.9436
1.828 -74.4821 -74.9436
1.829 -74.1955 -74.9436
1.83 -73.9067 -74.9436
1.831 -73.6157 -74.9436
1.832 -73.3225 -74.9436
1.833 -73.0271 -74.9436
1.834 -72.7296 -74.9436
1.835 -72.4298 -74.9436
1.836 -72.1279 -74.9436
1.837 -71.8238 -74.9436
1.838 -71.5175 -68.6983
1.839 -71.209 -68.6983
1.84 -70.8984 -68.6983
1.841 -70.5856 -68.6983
1.842 -70.2707 -68.6983
1.843 -69.9536 -68.6983
1.844 -69.6344 -68.6983
1.845 -69.313 -68.6983
1.846 -68.9895 -68.6983
1.847 -68.6638 -68.6983
1.848 -68.3361 -68.6983
1.849 -68.0062 -68.6983
1.85 -67.6742 -68.6983
1.851 -67.3401 -68.6983
1.852 -67.0039 -68.6983
1.853 -66.6656 -68.6983
1.854 -66.3252 -68.6983
1.855 -65.9827 -68.6983
1.856 -65.6382 -68.6983
1.857 -65.2916 -62.453
1.858 -64.9429 -62.453
1.859 -64.5921 -62.453
1.86 -64.2394 -62.453
1.861 -63.8845 -62.453
1.862 -63.5277 -62.453
1.863 -63.1688 -62.453
1.864 -62.8079 -62.453
1.865 -62.445 -62.453
1.866 -62.0801 -62.453
1.867 -61.7132 -62.453
1.868 -61.3443 -62.453
1.869 -60.9735 -62.453
1.87 -60.6006 -62.453
1.871 -60.2258 -62.453
1.872 -59.8491 -62.453
1.873 -59.4704 -62.453
1.874 -59.0898 -56.2077
1.875 -58.7073 -56.2077
1.876 -58.3228 -56.2077
1.877 -57.9365 -56.2077
1.878 -57.5482 -56.2077
1.879 -57.1581 -56.2077
1.88 -56.7661 -56.2077
1.881 -56.3722 -56.2077
1.882 -55.9765 -56.2077
1.883 -55.5789 -56.2077
1.884 -55.1795 -56.2077
1.885 -54.7782 -56.2077
1.886 -54.3752 -56.2077
1.887 -53.9703 -56.2077
1.888 -53.5637 -56.2077
1.889 -53.1553 -56.2077
1.89 -52.7451 -49.9624
1.891 -52.3331 -49.9624
1.892 -51.9194 -49.9624
1.893 -51.504 -49.9624
1.894 -51.0868 -49.9624
1.895 -50.6679 -49.9624
1.896 -50.2473 -49.9624
1.897 -49.8251 -49.9624
1.898 -49.4011 -49.9624
1.899 -48.9755 -49.9624
1.9 -48.5483 -49.9624
1.901 -48.1194 -49.9624
1.902 -47.6888 -49.9624
1.903 -47.2567 -49.9624
1.904 -46.8229 -43.7171
1.905 -46.3876 -43.7171
1.906 -45.9507 -43.7171
1.907 -45.5122 -43.7171
1.908 -45.0722 -43.7171
1.909 -44.6306 -43.7171
1.91 -44.1875 -43.7171
1.911 -43.7429 -43.7171
1.912 -43.2968 -43.7171
1.913 -42.8492 -43.7171
1.914 -42.4002 -43.7171
1.915 -41.9497 -43.7171
1.916 -41.4977 -43.7171
1.917 -41.0443 -43.7171
1.918 -40.5895 -37.4718
1.919 -40.1333 -37.4718
1.92 -39.6758 -37.4718
1.921 -39.2168 -37.4718
1.922 -38.7565 -37.4718
1.923 -38.2949 -37.4718
1.924 -37.8319 -37.4718
1.925 -37.3676 -37.4718
1.926 -36.9021 -37.4718
1.927 -36.4352 -37.4718
1.928 -35.9671 -37.4718
1.929 -35.4977 -37.4718
1.93 -35.0271 -37.4718
1.931 -34.5552 -37.4718
1.932 -34.0822 -31.2265
1.933 -33.608 -31.2265
1.934 -33.1326 -31.2265
1.935 -32.656 -31.2265
1.936 -32.1783 -31.2265
1.937 -31.6995 -31.2265
1.938 -31.2195 -31.2265
1.939 -30.7385 -31.2265
1.94 -30.2564 -31.2265
1.941 -29.7732 -31.2265
1.942 -29.2889 -31.2265
1.943 -28.8037 -31.2265
1.944 -28.3174 -31.2265
1.945 -27.8302 -24.9812
1.946 -27.3419 -24.9812
1.947 -26.8527 -24.9812
1.948 -26.3625 -24.9812
1.949 -25.8714 -24.9812
1.95 -25.3794 -24.9812
1.951 -24.8865 -24.9812
1.952 -24.3927 -24.9812
1.953 -23.8981 -24.9812
1.954 -23.4026 -24.9812
1.955 -22.9063 -24.9812
1.956 -22.4091 -24.9812
1.957 -21.9112 -24.9812
1.958 -21.4125 -18.7359
1.959 -20.913 -18.7359
1.96 -20.4128 -18.7359
1.961 -19.9119 -18.7359
1.962 -19.4103 -18.7359
1.963 -18.9079 -18.7359
1.964 -18.4049 -18.7359
1.965 -17.9013 -18.7359
1.966 -17.397 -18.7359
1.967 -16.892 -18.7359
1.968 -16.3865 -18.7359
1.969 -15.8804 -18.7359
1.97 -15.3737 -12.4906
1.971 -14.8665 -12.4906
1.972 -14.3588 -12.4906
1.973 -13.8505 -12.4906
1.974 -13.3417 -12.4906
1.975 -12.8325 -12.4906
1.976 -12.3228 -12.4906
1.977 -11.8127 -12.4906
1.978 -11.3021 -12.4906
1.979 -10.7912 -12.4906
1.98 -10.2798 -12.4906
1.981 -9.7681 -12.4906
1.982 -9.25604 -6.2453
1.983 -8.74364 -6.2453
1.984 -8.23093 -6.2453
1.985 -7.71793 -6.2453
1.986 -7.20465 -6.2453
1.987 -6.69111 -6.2453
1.988 -6.17733 -6.2453
1.989 -5.66334 -6.2453
1.99 -5.14913 -6.2453
1.991 -4.63475 -6.2453
1.992 -4.12019 -6.2453
1.993 -3.60549 -6.2453
1.994 -3.09066 0
1.995 -2.57572 0
1.996 -2.06069 0
1.997 -1.54558 0
1.998 -1.03042 0
1.999 -0.515218 0
