0 0
0.001 0
0.002 0
0.003 0
0.004 0
0.005 0
0.006 0
0.007 6.2453
0.008 6.2453
0.009 6.2453
0.01 6.2453
0.011 6.2453
0.012 6.2453
0.013 6.2453
0.014 6.2453
0.015 6.2453
0.016 6.2453
0.017 6.2453
0.018 6.2453
0.019 12.4906
0.02 12.4906
0.021 12.4906
0.022 12.4906
0.023 12.4906
0.024 12.4906
0.025 12.4906
0.026 12.4906
0.027 12.4906
0.028 12.4906
0.029 12.4906
0.03 12.4906
0.031 18.7359
0.032 18.7359
0.033 18.7359
0.034 18.7359
0.035 18.7359
0.036 18.7359
0.037 18.7359
0.038 18.7359
0.039 18.7359
0.04 18.7359
0.041 18.7359
0.042 18.7359
0.043 24.9812
0.044 24.9812
0.045 24.9812
0.046 24.9812
0.047 24.9812
0.048 24.9812
0.049 24.9812
0.05 24.9812
0.051 24.9812
0.052 24.9812
0.053 24.9812
0.054 24.9812
0.055 24.9812
0.056 31.2265
0.057 31.2265
0.058 31.2265
0.059 31.2265
0.06 31.2265
0.061 31.2265
0.062 31.2265
0.063 31.2265
0.064 31.2265
0.065 31.2265
0.066 31.2265
0.067 31.2265
0.068 31.2265
0.069 37.4718
0.07 37.4718
0.071 37.4718
0.072 37.4718
0.073 37.4718
0.074 37.4718
0.075 37.4718
0.076 37.4718
0.077 37.4718
0.078 37.4718
0.079 37.4718
0.08 37.4718
0.081 37.4718
0.082 37.4718
0.083 43.7171
0.084 43.7171
0.085 43.7171
0.086 43.7171
0.087 43.7171
0.088 43.7171
0.089 43.7171
0.09 43.7171
0.091 43.7171
0.092 43.7171
0.093 43.7171
0.094 43.7171
0.095 43.7171
0.096 43.7171
0.097 49.9624
0.098 49.9624
0.099 49.9624
0.1 49.9624
0.101 49.9624
0.102 49.9624
0.103 49.9624
0.104 49.9624
0.105 49.9624
0.106 49.9624
0.107 49.9624
0.108 49.9624
0.109 49.9624
0.11 49.9624
0.111 56.2077
0.112 56.2077
0.113 56.2077
0.114 56.2077
0.115 56.2077
0.116 56.2077
0.117 56.2077
0.118 56.2077
0.119 56.2077
0.12 56.2077
0.121 56.2077
0.122 56.2077
0.123 56.2077
0.124 56.2077
0.125 56.2077
0.126 56.2077
0.127 62.453
0.128 62.453
0.129 62.453
0.13 62.453
0.131 62.453
0.132 62.453
0.133 62.453
0.134 62.453
0.135 62.453
0.136 62.453
0.137 62.453
0.138 62.453
0.139 62.453
0.14 62.453
0.141 62.453
0.142 62.453
0.143 62.453
0.144 68.6983
0.145 68.6983
0.146 68.6983
0.147 68.6983
0.148 68.6983
0.149 68.6983
0.15 68.6983
0.151 68.6983
0.152 68.6983
0.153 68.6983
0.154 68.6983
0.155 68.6983
0.156 68.6983
0.157 68.6983
0.158 68.6983
0.159 68.6983
0.16 68.6983
0.161 68.6983
0.162 68.6983
0.163 74.9436
0.164 74.9436
0.165 74.9436
0.166 74.9436
0.167 74.9436
0.168 74.9436
0.169 74.9436
0.17 74.9436
0.171 74.9436
0.172 74.9436
0.173 74.9436
0.174 74.9436
0.175 74.9436
0.176 74.9436
0.177 74.9436
0.178 74.9436
0.179 74.9436
0.18 74.9436
0.181 74.9436
0.182 74.9436
0.183 74.9436
0.184 74.9436
0.185 74.9436
0.186 81.1889
0.187 81.1889
0.188 81.1889
0.189 81.1889
0.19 81.1889
0.191 81.1889
0.192 81.1889
0.193 81.1889
0.194 81.1889
0.195 81.1889
0.196 81.1889
0.197 81.1889
0.198 81.1889
0.199 81.1889
0.2 81.1889
0.201 81.1889
0.202 81.1889
0.203 81.1889
0.204 81.1889
0.205 81.1889
0.206 81.1889
0.207 81.1889
0.208 81.1889
0.209 81.1889
0.21 81.1889
0.211 81.1889
0.212 81.1889
0.213 87.4342
0.214 87.4342
0.215 87.4342
0.216 87.4342
0.217 87.4342
0.218 87.4342
0.219 87.4342
0.22 87.4342
0.221 87.4342
0.222 87.4342
0.223 87.4342
0.224 87.4342
0.225 87.4342
0.226 87.4342
0.227 87.4342
0.228 87.4342
0.229 87.4342
0.23 87.4342
0.231 87.4342
0.232 87.4342
0.233 87.4342
0.234 87.4342
0.235 87.4342
0.236 87.4342
0.237 87.4342
0.238 87.4342
0.239 87.4342
0.24 87.4342
0.241 87.4342
0.242 87.4342
0.243 87.4342
0.244 87.4342
0.245 87.4342
0.246 87.4342
0.247 87.4342
0.248 87.4342
0.249 87.4342
0.25 87.4342
0.251 87.4342
0.252 87.4342
0.253 87.4342
0.254 87.4342
0.255 93.6795
0.256 93.6795
0.257 93.6795
0.258 93.6795
0.259 93.6795
0.26 93.6795
0.261 93.6795
0.262 93.6795
0.263 93.6795
0.264 93.6795
0.265 93.6795
0.266 93.6795
0.267 93.6795
0.268 93.6795
0.269 93.6795
0.27 93.6795
0.271 93.6795
0.272 93.6795
0.273 93.6795
0.274 93.6795
0.275 93.6795
0.276 93.6795
0.277 93.6795
0.278 93.6795
0.279 93.6795
0.28 93.6795
0.281 93.6795
0.282 93.6795
0.283 93.6795
0.284 93.6795
0.285 93.6795
0.286 93.6795
0.287 93.6795
0.288 93.6795
0.289 93.6795
0.29 93.6795
0.291 93.6795
0.292 93.6795
0.293 93.6795
0.294 93.6795
0.295 93.6795
0.296 93.6795
0.297 93.6795
0.298 93.6795
0.299 93.6795
0.3 93.6795
0.301 93.6795
0.302 93.6795
0.303 93.6795
0.304 93.6795
0.305 93.6795
0.306 93.6795
0.307 93.6795
0.308 93.6795
0.309 93.6795
0.31 93.6795
0.311 93.6795
0.312 93.6795
0.313 93.6795
0.314 93.6795
0.315 93.6795
0.316 93.6795
0.317 93.6795
0.318 93.6795
0.319 93.6795
0.32 93.6795
0.321 93.6795
0.322 93.6795
0.323 93.6795
0.324 93.6795
0.325 93.6795
0.326 93.6795
0.327 93.6795
0.328 93.6795
0.329 93.6795
0.33 93.6795
0.331 93.6795
0.332 93.6795
0.333 93.6795
0.334 93.6795
0.335 93.6795
0.336 93.6795
0.337 93.6795
0.338 93.6795
0.339 93.6795
0.34 93.6795
0.341 93.6795
0.342 93.6795
0.343 93.6795
0.344 93.6795
0.345 93.6795
0.346 93.6795
0.347 93.6795
0.348 93.6795
0.349 93.6795
0.35 93.6795
0.351 93.6795
0.352 93.6795
0.353 93.6795
0.354 93.6795
0.355 93.6795
0.356 93.6795
0.357 93.6795
0.358 93.6795
0.359 93.6795
0.36 93.6795
0.361 93.6795
0.362 93.6795
0.363 93.6795
0.364 93.6795
0.365 93.6795
0.366 93.6795
0.367 93.6795
0.368 93.6795
0.369 93.6795
0.37 93.6795
0.371 93.6795
0.372 93.6795
0.373 93.6795
0.374 93.6795
0.375 93.6795
0.376 93.6795
0.377 93.6795
0.378 93.6795
0.379 93.6795
0.38 93.6795
0.381 93.6795
0.382 93.6795
0.383 93.6795
0.384 93.6795
0.385 93.6795
0.386 93.6795
0.387 93.6795
0.388 93.6795
0.389 93.6795
0.39 93.6795
0.391 93.6795
0.392 93.6795
0.393 93.6795
0.394 93.6795
0.395 93.6795
0.396 93.6795
0.397 93.6795
0.398 87.4342
0.399 87.4342
0.4 87.4342
0.401 87.4342
0.402 87.4342
0.403 87.4342
0.404 87.4342
0.405 87.4342
0.406 87.4342
0.407 87.4342
0.408 87.4342
0.409 87.4342
0.41 87.4342
0.411 87.4342
0.412 87.4342
0.413 87.4342
0.414 87.4342
0.415 87.4342
0.416 87.4342
0.417 87.4342
0.418 87.4342
0.419 87.4342
0.42 87.4342
0.421 87.4342
0.422 87.4342
0.423 87.4342
0.424 87.4342
0.425 87.4342
0.426 87.4342
0.427 87.4342
0.428 87.4342
0.429 87.4342
0.43 87.4342
0.431 87.4342
0.432 87.4342
0.433 87.4342
0.434 87.4342
0.435 87.4342
0.436 87.4342
0.437 87.4342
0.438 87.4342
0.439 87.4342
0.44 87.4342
0.441 87.4342
0.442 87.4342
0.443 87.4342
0.444 87.4342
0.445 87.4342
0.446 87.4342
0.447 87.4342
0.448 87.4342
0.449 87.4342
0.45 87.4342
0.451 87.4342
0.452 87.4342
0.453 87.4342
0.454 87.4342
0.455 87.4342
0.456 87.4342
0.457 87.4342
0.458 87.4342
0.459 87.4342
0.46 87.4342
0.461 87.4342
0.462 87.4342
0.463 87.4342
0.464 87.4342
0.465 87.4342
0.466 87.4342
0.467 87.4342
0.468 87.4342
0.469 87.4342
0.47 87.4342
0.471 87.4342
0.472 87.4342
0.473 87.4342
0.474 87.4342
0.475 87.4342
0.476 87.4342
0.477 87.4342
0.478 87.4342
0.479 87.4342
0.48 87.4342
0.481 87.4342
0.482 87.4342
0.483 87.4342
0.484 87.4342
0.485 87.4342
0.486 87.4342
0.487 87.4342
0.488 87.4342
0.489 87.4342
0.49 87.4342
0.491 87.4342
0.492 87.4342
0.493 87.4342
0.494 81.1889
0.495 81.1889
0.496 81.1889
0.497 81.1889
0.498 81.1889
0.499 81.1889
0.5 81.1889
0.501 81.1889
0.502 81.1889
0.503 81.1889
0.504 81.1889
0.505 81.1889
0.506 81.1889
0.507 81.1889
0.508 81.1889
0.509 81.1889
0.51 81.1889
0.511 81.1889
0.512 81.1889
0.513 81.1889
0.514 81.1889
0.515 81.1889
0.516 81.1889
0.517 81.1889
0.518 81.1889
0.519 81.1889
0.52 81.1889
0.521 81.1889
0.522 81.1889
0.523 81.1889
0.524 81.1889
0.525 81.1889
0.526 81.1889
0.527 81.1889
0.528 81.1889
0.529 81.1889
0.53 81.1889
0.531 81.1889
0.532 81.1889
0.533 81.1889
0.534 81.1889
0.535 81.1889
0.536 81.1889
0.537 81.1889
0.538 81.1889
0.539 81.1889
0.54 81.1889
0.541 81.1889
0.542 81.1889
0.543 81.1889
0.544 81.1889
0.545 81.1889
0.546 81.1889
0.547 81.1889
0.548 81.1889
0.549 81.1889
0.55 81.1889
0.551 81.1889
0.552 81.1889
0.553 81.1889
0.554 81.1889
0.555 81.1889
0.556 81.1889
0.557 81.1889
0.558 81.1889
0.559 81.1889
0.56 81.1889
0.561 81.1889
0.562 81.1889
0.563 81.1889
0.564 81.1889
0.565 81.1889
0.566 81.1889
0.567 81.1889
0.568 81.1889
0.569 81.1889
0.57 81.1889
0.571 81.1889
0.572 81.1889
0.573 81.1889
0.574 81.1889
0.575 81.1889
0.576 81.1889
0.577 81.1889
0.578 81.1889
0.579 81.1889
0.58 81.1889
0.581 81.1889
0.582 81.1889
0.583 81.1889
0.584 81.1889
0.585 81.1889
0.586 81.1889
0.587 81.1889
0.588 81.1889
0.589 81.1889
0.59 81.1889
0.591 81.1889
0.592 81.1889
0.593 81.1889
0.594 81.1889
0.595 81.1889
0.596 81.1889
0.597 81.1889
0.598 81.1889
0.599 81.1889
0.6 81.1889
0.601 81.1889
0.602 81.1889
0.603 81.1889
0.604 81.1889
0.605 81.1889
0.606 81.1889
0.607 81.1889
0.608 81.1889
0.609 81.1889
0.61 81.1889
0.611 81.1889
0.612 81.1889
0.613 81.1889
0.614 81.1889
0.615 81.1889
0.616 81.1889
0.617 81.1889
0.618 81.1889
0.619 81.1889
0.62 81.1889
0.621 81.1889
0.622 81.1889
0.623 81.1889
0.624 81.1889
0.625 81.1889
0.626 81.1889
0.627 81.1889
0.628 81.1889
0.629 81.1889
0.63 81.1889
0.631 81.1889
0.632 81.1889
0.633 81.1889
0.634 81.1889
0.635 81.1889
0.636 81.1889
0.637 81.1889
0.638 81.1889
0.639 81.1889
0.64 81.1889
0.641 81.1889
0.642 81.1889
0.643 81.1889
0.644 81.1889
0.645 81.1889
0.646 81.1889
0.647 81.1889
0.648 81.1889
0.649 81.1889
0.65 81.1889
0.651 81.1889
0.652 81.1889
0.653 81.1889
0.654 81.1889
0.655 81.1889
0.656 81.1889
0.657 81.1889
0.658 81.1889
0.659 81.1889
0.66 81.1889
0.661 81.1889
0.662 81.1889
0.663 81.1889
0.664 81.1889
0.665 81.1889
0.666 81.1889
0.667 81.1889
0.668 81.1889
0.669 81.1889
0.67 81.1889
0.671 81.1889
0.672 81.1889
0.673 81.1889
0.674 81.1889
0.675 81.1889
0.676 81.1889
0.677 81.1889
0.678 81.1889
0.679 81.1889
0.68 81.1889
0.681 81.1889
0.682 81.1889
0.683 81.1889
0.684 81.1889
0.685 81.1889
0.686 81.1889
0.687 81.1889
0.688 81.1889
0.689 81.1889
0.69 81.1889
0.691 81.1889
0.692 81.1889
0.693 81.1889
0.694 81.1889
0.695 81.1889
0.696 81.1889
0.697 81.1889
0.698 81.1889
0.699 81.1889
0.7 81.1889
0.701 81.1889
0.702 81.1889
0.703 74.9436
0.704 74.9436
0.705 74.9436
0.706 74.9436
0.707 74.9436
0.708 74.9436
0.709 74.9436
0.71 74.9436
0.711 74.9436
0.712 74.9436
0.713 74.9436
0.714 74.9436
0.715 74.9436
0.716 74.9436
0.717 74.9436
0.718 74.9436
0.719 74.9436
0.72 74.9436
0.721 74.9436
0.722 74.9436
0.723 74.9436
0.724 74.9436
0.725 74.9436
0.726 74.9436
0.727 74.9436
0.728 74.9436
0.729 74.9436
0.73 74.9436
0.731 74.9436
0.732 74.9436
0.733 74.9436
0.734 74.9436
0.735 74.9436
0.736 74.9436
0.737 74.9436
0.738 74.9436
0.739 74.9436
0.74 74.9436
0.741 74.9436
0.742 74.9436
0.743 74.9436
0.744 74.9436
0.745 74.9436
0.746 74.9436
0.747 74.9436
0.748 74.9436
0.749 74.9436
0.75 74.9436
0.751 74.9436
0.752 74.9436
0.753 74.9436
0.754 74.9436
0.755 74.9436
0.756 74.9436
0.757 74.9436
0.758 74.9436
0.759 74.9436
0.76 74.9436
0.761 74.9436
0.762 74.9436
0.763 74.9436
0.764 74.9436
0.765 74.9436
0.766 74.9436
0.767 74.9436
0.768 68.6983
0.769 68.6983
0.77 68.6983
0.771 68.6983
0.772 68.6983
0.773 68.6983
0.774 68.6983
0.775 68.6983
0.776 68.6983
0.777 68.6983
0.778 68.6983
0.779 68.6983
0.78 68.6983
0.781 68.6983
0.782 68.6983
0.783 68.6983
0.784 68.6983
0.785 68.6983
0.786 68.6983
0.787 68.6983
0.788 68.6983
0.789 68.6983
0.79 68.6983
0.791 68.6983
0.792 68.6983
0.793 68.6983
0.794 68.6983
0.795 68.6983
0.796 68.6983
0.797 68.6983
0.798 68.6983
0.799 68.6983
0.8 68.6983
0.801 68.6983
0.802 68.6983
0.803 68.6983
0.804 68.6983
0.805 62.453
0.806 62.453
0.807 62.453
0.808 62.453
0.809 62.453
0.81 62.453
0.811 62.453
0.812 62.453
0.813 62.453
0.814 62.453
0.815 62.453
0.816 62.453
0.817 62.453
0.818 62.453
0.819 62.453
0.82 62.453
0.821 62.453
0.822 62.453
0.823 62.453
0.824 62.453
0.825 62.453
0.826 62.453
0.827 62.453
0.828 62.453
0.829 62.453
0.83 62.453
0.831 62.453
0.832 62.453
0.833 56.2077
0.834 56.2077
0.835 56.2077
0.836 56.2077
0.837 56.2077
0.838 56.2077
0.839 56.2077
0.84 56.2077
0.841 56.2077
0.842 56.2077
0.843 56.2077
0.844 56.2077
0.845 56.2077
0.846 56.2077
0.847 56.2077
0.848 56.2077
0.849 56.2077
0.85 56.2077
0.851 56.2077
0.852 56.2077
0.853 56.2077
0.854 56.2077
0.855 56.2077
0.856 49.9624
0.857 49.9624
0.858 49.9624
0.859 49.9624
0.86 49.9624
0.861 49.9624
0.862 49.9624
0.863 49.9624
0.864 49.9624
0.865 49.9624
0.866 49.9624
0.867 49.9624
0.868 49.9624
0.869 49.9624
0.87 49.9624
0.871 49.9624
0.872 49.9624
0.873 49.9624
0.874 49.9624
0.875 49.9624
0.876 49.9624
0.877 43.7171
0.878 43.7171
0.879 43.7171
0.88 43.7171
0.881 43.7171
0.882 43.7171
0.883 43.7171
0.884 43.7171
0.885 43.7171
0.886 43.7171
0.887 43.7171
0.888 43.7171
0.889 43.7171
0.89 43.7171
0.891 43.7171
0.892 43.7171
0.893 43.7171
0.894 43.7171
0.895 43.7171
0.896 37.4718
0.897 37.4718
0.898 37.4718
0.899 37.4718
0.9 37.4718
0.901 37.4718
0.902 37.4718
0.903 37.4718
0.904 37.4718
0.905 37.4718
0.906 37.4718
0.907 37.4718
0.908 37.4718
0.909 37.4718
0.91 37.4718
0.911 37.4718
0.912 37.4718
0.913 37.4718
0.914 31.2265
0.915 31.2265
0.916 31.2265
0.917 31.2265
0.918 31.2265
0.919 31.2265
0.92 31.2265
0.921 31.2265
0.922 31.2265
0.923 31.2265
0.924 31.2265
0.925 31.2265
0.926 31.2265
0.927 31.2265
0.928 31.2265
0.929 31.2265
0.93 31.2265
0.931 24.9812
0.932 24.9812
0.933 24.9812
0.934 24.9812
0.935 24.9812
0.936 24.9812
0.937 24.9812
0.938 24.9812
0.939 24.9812
0.94 24.9812
0.941 24.9812
0.942 24.9812
0.943 24.9812
0.944 24.9812
0.945 24.9812
0.946 24.9812
0.947 18.7359
0.948 18.7359
0.949 18.7359
0.95 18.7359
0.951 18.7359
0.952 18.7359
0.953 18.7359
0.954 18.7359
0.955 18.7359
0.956 18.7359
0.957 18.7359
0.958 18.7359
0.959 18.7359
0.96 18.7359
0.961 18.7359
0.962 18.7359
0.963 12.4906
0.964 12.4906
0.965 12.4906
0.966 12.4906
0.967 12.4906
0.968 12.4906
0.969 12.4906
0.97 12.4906
0.971 12.4906
0.972 12.4906
0.973 12.4906
0.974 12.4906
0.975 12.4906
0.976 12.4906
0.977 12.4906
0.978 6.2453
0.979 6.2453
0.98 6.2453
0.981 6.2453
0.982 6.2453
0.983 6.2453
0.984 6.2453
0.985 6.2453
0.986 6.2453
0.987 6.2453
0.988 6.2453
0.989 6.2453
0.99 6.2453
0.991 6.2453
0.992 6.2453
0.993 0
0.994 0
0.995 0
0.996 0
0.997 0
0.998 0
0.999 0
1 0
1.001 0
1.002 0
1.003 0
1.004 0
1.005 0
1.006 0
1.007 0
1.008 -6.2453
1.009 -6.2453
1.01 -6.2453
1.011 -6.2453
1.012 -6.2453
1.013 -6.2453
1.014 -6.2453
1.015 -6.2453
1.016 -6.2453
1.017 -6.2453
1.018 -6.2453
1.019 -6.2453
1.02 -6.2453
1.021 -6.2453
1.022 -6.2453
1.023 -12.4906
1.024 -12.4906
1.025 -12.4906
1.026 -12.4906
1.027 -12.4906
1.028 -12.4906
1.029 -12.4906
1.03 -12.4906
1.031 -12.4906
1.032 -12.4906
1.033 -12.4906
1.034 -12.4906
1.035 -12.4906
1.036 -12.4906
1.037 -12.4906
1.038 -18.7359
1.039 -18.7359
1.04 -18.7359
1.041 -18.7359
1.042 -18.7359
1.043 -18.7359
1.044 -18.7359
1.045 -18.7359
1.046 -18.7359
1.047 -18.7359
1.048 -18.7359
1.049 -18.7359
1.05 -18.7359
1.051 -18.7359
1.052 -18.7359
1.053 -18.7359
1.054 -24.9812
1.055 -24.9812
1.056 -24.9812
1.057 -24.9812
1.058 -24.9812
1.059 -24.9812
1.06 -24.9812
1.061 -24.9812
1.062 -24.9812
1.063 -24.9812
1.064 -24.9812
1.065 -24.9812
1.066 -24.9812
1.067 -24.9812
1.068 -24.9812
1.069 -24.9812
1.07 -31.2265
1.071 -31.2265
1.072 -31.2265
1.073 -31.2265
1.074 -31.2265
1.075 -31.2265
1.076 -31.2265
1.077 -31.2265
1.078 -31.2265
1.079 -31.2265
1.08 -31.2265
1.081 -31.2265
1.082 -31.2265
1.083 -31.2265
1.084 -31.2265
1.085 -31.2265
1.086 -31.2265
1.087 -37.4718
1.088 -37.4718
1.089 -37.4718
1.09 -37.4718
1.091 -37.4718
1.092 -37.4718
1.093 -37.4718
1.094 -37.4718
1.095 -37.4718
1.096 -37.4718
1.097 -37.4718
1.098 -37.4718
1.099 -37.4718
1.1 -37.4718
1.101 -37.4718
1.102 -37.4718
1.103 -37.4718
1.104 -37.4718
1.105 -43.7171
1.106 -43.7171
1.107 -43.7171
1.108 -43.7171
1.109 -43.7171
1.11 -43.7171
1.111 -43.7171
1.112 -43.7171
1.113 -43.7171
1.114 -43.7171
1.115 -43.7171
1.116 -43.7171
1.117 -43.7171
1.118 -43.7171
1.119 -43.7171
1.12 -43.7171
1.121 -43.7171
1.122 -43.7171
1.123 -43.7171
1.124 -49.9624
1.125 -49.9624
1.126 -49.9624
1.127 -49.9624
1.128 -49.9624
1.129 -49.9624
1.13 -49.9624
1.131 -49.9624
1.132 -49.9624
1.133 -49.9624
1.134 -49.9624
1.135 -49.9624
1.136 -49.9624
1.137 -49.9624
1.138 -49.9624
1.139 -49.9624
1.14 -49.9624
1.141 -49.9624
1.142 -49.9624
1.143 -49.9624
1.144 -49.9624
1.145 -56.2077
1.146 -56.2077
1.147 -56.2077
1.148 -56.2077
1.149 -56.2077
1.15 -56.2077
1.151 -56.2077
1.152 -56.2077
1.153 -56.2077
1.154 -56.2077
1.155 -56.2077
1.156 -56.2077
1.157 -56.2077
1.158 -56.2077
1.159 -56.2077
1.16 -56.2077
1.161 -56.2077
1.162 -56.2077
1.163 -56.2077
1.164 -56.2077
1.165 -56.2077
1.166 -56.2077
1.167 -56.2077
1.168 -62.453
1.169 -62.453
1.17 -62.453
1.171 -62.453
1.172 -62.453
1.173 -62.453
1.174 -62.453
1.175 -62.453
1.176 -62.453
1.177 -62.453
1.178 -62.453
1.179 -62.453
1.18 -62.453
1.181 -62.453
1.182 -62.453
1.183 -62.453
1.184 -62.453
1.185 -62.453
1.186 -62.453
1.187 -62.453
1.188 -62.453
1.189 -62.453
1.19 -62.453
1.191 -62.453
1.192 -62.453
1.193 -62.453
1.194 -62.453
1.195 -62.453
1.196 -68.6983
1.197 -68.6983
1.198 -68.6983
1.199 -68.6983
1.2 -68.6983
1.201 -68.6983
1.202 -68.6983
1.203 -68.6983
1.204 -68.6983
1.205 -68.6983
1.206 -68.6983
1.207 -68.6983
1.208 -68.6983
1.209 -68.6983
1.21 -68.6983
1.211 -68.6983
1.212 -68.6983
1.213 -68.6983
1.214 -68.6983
1.215 -68.6983
1.216 -68.6983
1.217 -68.6983
1.218 -68.6983
1.219 -68.6983
1.22 -68.6983
1.221 -68.6983
1.222 -68.6983
1.223 -68.6983
1.224 -68.6983
1.225 -68.6983
1.226 -68.6983
1.227 -68.6983
1.228 -68.6983
1.229 -68.6983
1.23 -68.6983
1.231 -68.6983
1.232 -68.6983
1.233 -74.9436
1.234 -74.9436
1.235 -74.9436
1.236 -74.9436
1.237 -74.9436
1.238 -74.9436
1.239 -74.9436
1.24 -74.9436
1.241 -74.9436
1.242 -74.9436
1.243 -74.9436
1.244 -74.9436
1.245 -74.9436
1.246 -74.9436
1.247 -74.9436
1.248 -74.9436
1.249 -74.9436
1.25 -74.9436
1.251 -74.9436
1.252 -74.9436
1.253 -74.9436
1.254 -74.9436
1.255 -74.9436
1.256 -74.9436
1.257 -74.9436
1.258 -74.9436
1.259 -74.9436
1.26 -74.9436
1.261 -74.9436
1.262 -74.9436
1.263 -74.9436
1.264 -74.9436
1.265 -74.9436
1.266 -74.9436
1.267 -74.9436
1.268 -74.9436
1.269 -74.9436
1.27 -74.9436
1.271 -74.9436
1.272 -74.9436
1.273 -74.9436
1.274 -74.9436
1.275 -74.9436
1.276 -74.9436
1.277 -74.9436
1.278 -74.9436
1.279 -74.9436
1.28 -74.9436
1.281 -74.9436
1.282 -74.9436
1.283 -74.9436
1.284 -74.9436
1.285 -74.9436
1.286 -74.9436
1.287 -74.9436
1.288 -74.9436
1.289 -74.9436
1.29 -74.9436
1.291 -74.9436
1.292 -74.9436
1.293 -74.9436
1.294 -74.9436
1.295 -74.9436
1.296 -74.9436
1.297 -74.9436
1.298 -81.1889
1.299 -81.1889
1.3 -81.1889
1.301 -81.1889
1.302 -81.1889
1.303 -81.1889
1.304 -81.1889
1.305 -81.1889
1.306 -81.1889
1.307 -81.1889
1.308 -81.1889
1.309 -81.1889
1.31 -81.1889
1.311 -81.1889
1.312 -81.1889
1.313 -81.1889
1.314 -81.1889
1.315 -81.1889
1.316 -81.1889
1.317 -81.1889
1.318 -81.1889
1.319 -81.1889
1.32 -81.1889
1.321 -81.1889
1.322 -81.1889
1.323 -81.1889
1.324 -81.1889
1.325 -81.1889
1.326 -81.1889
1.327 -81.1889
1.328 -81.1889
1.329 -81.1889
1.33 -81.1889
1.331 -81.1889
1.332 -81.1889
1.333 -81.1889
1.334 -81.1889
1.335 -81.1889
1.336 -81.1889
1.337 -81.1889
1.338 -81.1889
1.339 -81.1889
1.34 -81.1889
1.341 -81.1889
1.342 -81.1889
1.343 -81.1889
1.344 -81.1889
1.345 -81.1889
1.346 -81.1889
1.347 -81.1889
1.348 -81.1889
1.349 -81.1889
1.35 -81.1889
1.351 -81.1889
1.352 -81.1889
1.353 -81.1889
1.354 -81.1889
1.355 -81.1889
1.356 -81.1889
1.357 -81.1889
1.358 -81.1889
1.359 -81.1889
1.36 -81.1889
1.361 -81.1889
1.362 -81.1889
1.363 -81.1889
1.364 -81.1889
1.365 -81.1889
1.366 -81.1889
1.367 -81.1889
1.368 -81.1889
1.369 -81.1889
1.37 -81.1889
1.371 -81.1889
1.372 -81.1889
1.373 -81.1889
1.374 -81.1889
1.375 -81.1889
1.376 -81.1889
1.377 -81.1889
1.378 -81.1889
1.379 -81.1889
1.38 -81.1889
1.381 -81.1889
1.382 -81.1889
1.383 -81.1889
1.384 -81.1889
1.385 -81.1889
1.386 -81.1889
1.387 -81.1889
1.388 -81.1889
1.389 -81.1889
1.39 -81.1889
1.391 -81.1889
1.392 -81.1889
1.393 -81.1889
1.394 -81.1889
1.395 -81.1889
1.396 -81.1889
1.397 -81.1889
1.398 -81.1889
1.399 -81.1889
1.4 -81.1889
1.401 -81.1889
1.402 -81.1889
1.403 -81.1889
1.404 -81.1889
1.405 -81.1889
1.406 -81.1889
1.407 -81.1889
1.408 -81.1889
1.409 -81.1889
1.41 -81.1889
1.411 -81.1889
1.412 -81.1889
1.413 -81.1889
1.414 -81.1889
1.415 -81.1889
1.416 -81.1889
1.417 -81.1889
1.418 -81.1889
1.419 -81.1889
1.42 -81.1889
1.421 -81.1889
1.422 -81.1889
1.423 -81.1889
1.424 -81.1889
1.425 -81.1889
1.426 -81.1889
1.427 -81.1889
1.428 -81.1889
1.429 -81.1889
1.43 -81.1889
1.431 -81.1889
1.432 -81.1889
1.433 -81.1889
1.434 -81.1889
1.435 -81.1889
1.436 -81.1889
1.437 -81.1889
1.438 -81.1889
1.439 -81.1889
1.44 -81.1889
1.441 -81.1889
1.442 -81.1889
1.443 -81.1889
1.444 -81.1889
1.445 -81.1889
1.446 -81.1889
1.447 -81.1889
1.448 -81.1889
1.449 -81.1889
1.45 -81.1889
1.451 -81.1889
1.452 -81.1889
1.453 -81.1889
1.454 -81.1889
1.455 -81.1889
1.456 -81.1889
1.457 -81.1889
1.458 -81.1889
1.459 -81.1889
1.46 -81.1889
1.461 -81.1889
1.462 -81.1889
1.463 -81.1889
1.464 -81.1889
1.465 -81.1889
1.466 -81.1889
1.467 -81.1889
1.468 -81.1889
1.469 -81.1889
1.47 -81.1889
1.471 -81.1889
1.472 -81.1889
1.473 -81.1889
1.474 -81.1889
1.475 -81.1889
1.476 -81.1889
1.477 -81.1889
1.478 -81.1889
1.479 -81.1889
1.48 -81.1889
1.481 -81.1889
1.482 -81.1889
1.483 -81.1889
1.484 -81.1889
1.485 -81.1889
1.486 -81.1889
1.487 -81.1889
1.488 -81.1889
1.489 -81.1889
1.49 -81.1889
1.491 -81.1889
1.492 -81.1889
1.493 -81.1889
1.494 -81.1889
1.495 -81.1889
1.496 -81.1889
1.497 -81.1889
1.498 -81.1889
1.499 -81.1889
1.5 -81.1889
1.501 -81.1889
1.502 -81.1889
1.503 -81.1889
1.504 -81.1889
1.505 -81.1889
1.506 -81.1889
1.507 -87.4342
1.508 -87.4342
1.509 -87.4342
1.51 -87.4342
1.511 -87.4342
1.512 -87.4342
1.513 -87.4342
1.514 -87.4342
1.515 -87.4342
1.516 -87.4342
1.517 -87.4342
1.518 -87.4342
1.519 -87.4342
1.52 -87.4342
1.521 -87.4342
1.522 -87.4342
1.523 -87.4342
1.524 -87.4342
1.525 -87.4342
1.526 -87.4342
1.527 -87.4342
1.528 -87.4342
1.529 -87.4342
1.53 -87.4342
1.531 -87.4342
1.532 -87.4342
1.533 -87.4342
1.534 -87.4342
1.535 -87.4342
1.536 -87.4342
1.537 -87.4342
1.538 -87.4342
1.539 -87.4342
1.54 -87.4342
1.541 -87.4342
1.542 -87.4342
1.543 -87.4342
1.544 -87.4342
1.545 -87.4342
1.546 -87.4342
1.547 -87.4342
1.548 -87.4342
1.549 -87.4342
1.55 -87.4342
1.551 -87.4342
1.552 -87.4342
1.553 -87.4342
1.554 -87.4342
1.555 -87.4342
1.556 -87.4342
1.557 -87.4342
1.558 -87.4342
1.559 -87.4342
1.56 -87.4342
1.561 -87.4342
1.562 -87.4342
1.563 -87.4342
1.564 -87.4342
1.565 -87.4342
1.566 -87.4342
1.567 -87.4342
1.568 -87.4342
1.569 -87.4342
1.57 -87.4342
1.571 -87.4342
1.572 -87.4342
1.573 -87.4342
1.574 -87.4342
1.575 -87.4342
1.576 -87.4342
1.577 -87.4342
1.578 -87.4342
1.579 -87.4342
1.58 -87.4342
1.581 -87.4342
1.582 -87.4342
1.583 -87.4342
1.584 -87.4342
1.585 -87.4342
1.586 -87.4342
1.587 -87.4342
1.588 -87.4342
1.589 -87.4342
1.59 -87.4342
1.591 -87.4342
1.592 -87.4342
1.593 -87.4342
1.594 -87.4342
1.595 -87.4342
1.596 -87.4342
1.597 -87.4342
1.598 -87.4342
1.599 -87.4342
1.6 -87.4342
1.601 -87.4342
1.602 -87.4342
1.603 -93.6795
1.604 -93.6795
1.605 -93.6795
1.606 -93.6795
1.607 -93.6795
1.608 -93.6795
1.609 -93.6795
1.61 -93.6795
1.611 -93.6795
1.612 -93.6795
1.613 -93.6795
1.614 -93.6795
1.615 -93.6795
1.616 -93.6795
1.617 -93.6795
1.618 -93.6795
1.619 -93.6795
1.62 -93.6795
1.621 -93.6795
1.622 -93.6795
1.623 -93.6795
1.624 -93.6795
1.625 -93.6795
1.626 -93.6795
1.627 -93.6795
1.628 -93.6795
1.629 -93.6795
1.63 -93.6795
1.631 -93.6795
1.632 -93.6795
1.633 -93.6795
1.634 -93.6795
1.635 -93.6795
1.636 -93.6795
1.637 -93.6795
1.638 -93.6795
1.639 -93.6795
1.64 -93.6795
1.641 -93.6795
1.642 -93.6795
1.643 -93.6795
1.644 -93.6795
1.645 -93.6795
1.646 -93.6795
1.647 -93.6795
1.648 -93.6795
1.649 -93.6795
1.65 -93.6795
1.651 -93.6795
1.652 -93.6795
1.653 -93.6795
1.654 -93.6795
1.655 -93.6795
1.656 -93.6795
1.657 -93.6795
1.658 -93.6795
1.659 -93.6795
1.66 -93.6795
1.661 -93.6795
1.662 -93.6795
1.663 -93.6795
1.664 -93.6795
1.665 -93.6795
1.666 -93.6795
1.667 -93.6795
1.668 -93.6795
1.669 -93.6795
1.67 -93.6795
1.671 -93.6795
1.672 -93.6795
1.673 -93.6795
1.674 -93.6795
1.675 -93.6795
1.676 -93.6795
1.677 -93.6795
1.678 -93.6795
1.679 -93.6795
1.68 -93.6795
1.681 -93.6795
1.682 -93.6795
1.683 -93.6795
1.684 -93.6795
1.685 -93.6795
1.686 -93.6795
1.687 -93.6795
1.688 -93.6795
1.689 -93.6795
1.69 -93.6795
1.691 -93.6795
1.692 -93.6795
1.693 -93.6795
1.694 -93.6795
1.695 -93.6795
1.696 -93.6795
1.697 -93.6795
1.698 -93.6795
1.699 -93.6795
1.7 -93.6795
1.701 -93.6795
1.702 -93.6795
1.703 -93.6795
1.704 -93.6795
1.705 -93.6795
1.706 -93.6795
1.707 -93.6795
1.708 -93.6795
1.709 -93.6795
1.71 -93.6795
1.711 -93.6795
1.712 -93.6795
1.713 -93.6795
1.714 -93.6795
1.715 -93.6795
1.716 -93.6795
1.717 -93.6795
1.718 -93.6795
1.719 -93.6795
1.72 -93.6795
1.721 -93.6795
1.722 -93.6795
1.723 -93.6795
1.724 -93.6795
1.725 -93.6795
1.726 -93.6795
1.727 -93.6795
1.728 -93.6795
1.729 -93.6795
1.73 -93.6795
1.731 -93.6795
1.732 -93.6795
1.733 -93.6795
1.734 -93.6795
1.735 -93.6795
1.736 -93.6795
1.737 -93.6795
1.738 -93.6795
1.739 -93.6795
1.74 -93.6795
1.741 -93.6795
1.742 -93.6795
1.743 -93.6795
1.744 -93.6795
1.745 -93.6795
1.746 -87.4342
1.747 -87.4342
1.748 -87.4342
1.749 -87.4342
1.75 -87.4342
1.751 -87.4342
1.752 -87.4342
1.753 -87.4342
1.754 -87.4342
1.755 -87.4342
1.756 -87.4342
1.757 -87.4342
1.758 -87.4342
1.759 -87.4342
1.76 -87.4342
1.761 -87.4342
1.762 -87.4342
1.763 -87.4342
1.764 -87.4342
1.765 -87.4342
1.766 -87.4342
1.767 -87.4342
1.768 -87.4342
1.769 -87.4342
1.77 -87.4342
1.771 -87.4342
1.772 -87.4342
1.773 -87.4342
1.774 -87.4342
1.775 -87.4342
1.776 -87.4342
1.777 -87.4342
1.778 -87.4342
1.779 -87.4342
1.78 -87.4342
1.781 -87.4342
1.782 -87.4342
1.783 -87.4342
1.784 -87.4342
1.785 -87.4342
1.786 -87.4342
1.787 -87.4342
1.788 -81.1889
1.789 -81.1889
1.79 -81.1889
1.791 -81.1889
1.792 -81.1889
1.793 -81.1889
1.794 -81.1889
1.795 -81.1889
1.796 -81.1889
1.797 -81.1889
1.798 -81.1889
1.799 -81.1889
1.8 -81.1889
1.801 -81.1889
1.802 -81.1889
1.803 -81.1889
1.804 -81.1889
1.805 -81.1889
1.806 -81.1889
1.807 -81.1889
1.808 -81.1889
1.809 -81.1889
1.81 -81.1889
1.811 -81.1889
1.812 -81.1889
1.813 -81.1889
1.814 -81.1889
1.815 -74.9436
1.816 -74.9436
1.817 -74.9436
1.818 -74.9436
1.819 -74.9436
1.82 -74.9436
1.821 -74.9436
1.822 -74.9436
1.823 -74.9436
1.824 -74.9436
1.825 -74.9436
1.826 -74.9436
1.827 -74.9436
1.828 -74.9436
1.829 -74.9436
1.83 -74.9436
1.831 -74.9436
1.832 -74.9436
1.833 -74.9436
1.834 -74.9436
1.835 -74.9436
1.836 -74.9436
1.837 -74.9436
1.838 -68.6983
1.839 -68.6983
1.84 -68.6983
1.841 -68.6983
1.842 -68.6983
1.843 -68.6983
1.844 -68.6983
1.845 -68.6983
1.846 -68.6983
1.847 -68.6983
1.848 -68.6983
1.849 -68.6983
1.85 -68.6983
1.851 -68.6983
1.852 -68.6983
1.853 -68.6983
1.854 -68.6983
1.855 -68.6983
1.856 -68.6983
1.857 -62.453
1.858 -62.453
1.859 -62.453
1.86 -62.453
1.861 -62.453
1.862 -62.453
1.863 -62.453
1.864 -62.453
1.865 -62.453
1.866 -62.453
1.867 -62.453
1.868 -62.453
1.869 -62.453
1.87 -62.453
1.871 -62.453
1.872 -62.453
1.873 -62.453
1.874 -56.2077
1.875 -56.2077
1.876 -56.2077
1.877 -56.2077
1.878 -56.2077
1.879 -56.2077
1.88 -56.2077
1.881 -56.2077
1.882 -56.2077
1.883 -56.2077
1.884 -56.2077
1.885 -56.2077
1.886 -56.2077
1.887 -56.2077
1.888 -56.2077
1.889 -56.2077
1.89 -49.9624
1.891 -49.9624
1.892 -49.9624
1.893 -49.9624
1.894 -49.9624
1.895 -49.9624
1.896 -49.9624
1.897 -49.9624
1.898 -49.9624
1.899 -49.9624
1.9 -49.9624
1.901 -49.9624
1.902 -49.9624
1.903 -49.9624
1.904 -43.7171
1.905 -43.7171
1.906 -43.7171
1.907 -43.7171
1.908 -43.7171
1.909 -43.7171
1.91 -43.7171
1.911 -43.7171
1.912 -43.7171
1.913 -43.7171
1.914 -43.7171
1.915 -43.7171
1.916 -43.7171
1.917 -43.7171
1.918 -37.4718
1.919 -37.4718
1.92 -37.4718
1.921 -37.4718
1.922 -37.4718
1.923 -37.4718
1.924 -37.4718
1.925 -37.4718
1.926 -37.4718
1.927 -37.4718
1.928 -37.4718
1.929 -37.4718
1.93 -37.4718
1.931 -37.4718
1.932 -31.2265
1.933 -31.2265
1.934 -31.2265
1.935 -31.2265
1.936 -31.2265
1.937 -31.2265
1.938 -31.2265
1.939 -31.2265
1.94 -31.2265
1.941 -31.2265
1.942 -31.2265
1.943 -31.2265
1.944 -31.2265
1.945 -24.9812
1.946 -24.9812
1.947 -24.9812
1.948 -24.9812
1.949 -24.9812
1.95 -24.9812
1.951 -24.9812
1.952 -24.9812
1.953 -24.9812
1.954 -24.9812
1.955 -24.9812
1.956 -24.9812
1.957 -24.9812
1.958 -18.7359
1.959 -18.7359
1.96 -18.7359
1.961 -18.7359
1.962 -18.7359
1.963 -18.7359
1.964 -18.7359
1.965 -18.7359
1.966 -18.7359
1.967 -18.7359
1.968 -18.7359
1.969 -18.7359
1.97 -12.4906
1.971 -12.4906
1.972 -12.4906
1.973 -12.4906
1.974 -12.4906
1.975 -12.4906
1.976 -12.4906
1.977 -12.4906
1.978 -12.4906
1.979 -12.4906
1.98 -12.4906
1.981 -12.4906
1.982 -6.2453
1.983 -6.2453
1.984 -6.2453
1.985 -6.2453
1.986 -6.2453
1.987 -6.2453
1.988 -6.2453
1.989 -6.2453
1.99 -6.2453
1.991 -6.2453
1.992 -6.2453
1.993 -6.2453
1.994 0
1.995 0
1.996 0
1.997 0
1.998 0
1.999 0
