0 1.20716e-14
0.001 0.51605
0.002 1.03208
0.003 1.54808
0.004 2.06402
0.005 2.57988
0.006 3.09565
0.007 3.61131
0.008 4.12684
0.009 4.64223
0.01 5.15744
0.011 5.67247
0.012 6.1873
0.013 6.7019
0.014 7.21627
0.015 7.73037
0.016 8.2442
0.017 8.75773
0.018 9.27095
0.019 9.78383
0.02 10.2964
0.021 10.8085
0.022 11.3203
0.023 11.8317
0.024 12.3426
0.025 12.8531
0.026 13.3632
0.027 13.8727
0.028 14.3818
0.029 14.8903
0.03 15.3984
0.031 15.9058
0.032 16.4127
0.033 16.919
0.034 17.4248
0.035 17.9298
0.036 18.4343
0.037 18.9381
0.038 19.4412
0.039 19.9436
0.04 20.4453
0.041 20.9463
0.042 21.4465
0.043 21.946
0.044 22.4447
0.045 22.9426
0.046 23.4397
0.047 23.9359
0.048 24.4313
0.049 24.9258
0.05 25.4195
0.051 25.9122
0.052 26.404
0.053 26.8949
0.054 27.3849
0.055 27.8738
0.056 28.3618
0.057 28.8488
0.058 29.3348
0.059 29.8197
0.06 30.3036
0.061 30.7864
0.062 31.2681
0.063 31.7488
0.064 32.2283
0.065 32.7067
0.066 33.1839
0.067 33.66
0.068 34.1349
0.069 34.6086
0.07 35.0811
0.071 35.5523
0.072 36.0224
0.073 36.4911
0.074 36.9586
0.075 37.4248
0.076 37.8897
0.077 38.3533
0.078 38.8156
0.079 39.2765
0.08 39.7361
0.081 40.1942
0.082 40.651
0.083 41.1064
0.084 41.5603
0.085 42.0129
0.086 42.4639
0.087 42.9136
0.088 43.3617
0.089 43.8083
0.09 44.2535
0.091 44.6971
0.092 45.1392
0.093 45.5798
0.094 46.0188
0.095 46.4562
0.096 46.8921
0.097 47.3263
0.098 47.759
0.099 48.19
0.1 48.6194
0.101 49.0471
0.102 49.4732
0.103 49.8976
0.104 50.3203
0.105 50.7413
0.106 51.1607
0.107 51.5782
0.108 51.9941
0.109 52.4082
0.11 52.8206
0.111 53.2312
0.112 53.64
0.113 54.0471
0.114 54.4523
0.115 54.8558
0.116 55.2574
0.117 55.6571
0.118 56.0551
0.119 56.4512
0.12 56.8454
0.121 57.2377
0.122 57.6282
0.123 58.0168
0.124 58.4034
0.125 58.7882
0.126 59.171
0.127 59.5519
0.128 59.9309
0.129 60.3079
0.13 60.683
0.131 61.056
0.132 61.4272
0.133 61.7963
0.134 62.1634
0.135 62.5286
0.136 62.8917
0.137 63.2528
0.138 63.6119
0.139 63.9689
0.14 64.3239
0.141 64.6769
0.142 65.0278
0.143 65.3767
0.144 65.7234
0.145 66.0681
0.146 66.4107
0.147 66.7513
0.148 67.0897
0.149 67.426
0.15 67.7602
0.151 68.0923
0.152 68.4223
0.153 68.7502
0.154 69.0759
0.155 69.3995
0.156 69.7209
0.157 70.0402
0.158 70.3573
0.159 70.6723
0.16 70.9851
0.161 71.2957
0.162 71.6042
0.163 71.9105
0.164 72.2146
0.165 72.5165
0.166 72.8163
0.167 73.1138
0.168 73.4091
0.169 73.7023
0.17 73.9932
0.171 74.2819
0.172 74.5684
0.173 74.8527
0.174 75.1348
0.175 75.4147
0.176 75.6923
0.177 75.9678
0.178 76.2409
0.179 76.5119
0.18 76.7806
0.181 77.0471
0.182 77.3114
0.183 77.5734
0.184 77.8332
0.185 78.0908
0.186 78.3461
0.187 78.5991
0.188 78.85
0.189 79.0986
0.19 79.3449
0.191 79.589
0.192 79.8308
0.193 80.0705
0.194 80.3078
0.195 80.5429
0.196 80.7758
0.197 81.0065
0.198 81.2349
0.199 81.461
0.2 81.6849
0.201 81.9066
0.202 82.126
0.203 82.3432
0.204 82.5582
0.205 82.7709
0.206 82.9814
0.207 83.1896
0.208 83.3957
0.209 83.5995
0.21 83.801
0.211 84.0004
0.212 84.1975
0.213 84.3924
0.214 84.5851
0.215 84.7756
0.216 84.9639
0.217 85.15
0.218 85.3338
0.219 85.5155
0.22 85.695
0.221 85.8723
0.222 86.0474
0.223 86.2203
0.224 86.391
0.225 86.5595
0.226 86.7259
0.227 86.8901
0.228 87.0522
0.229 87.2121
0.23 87.3698
0.231 87.5254
0.232 87.6788
0.233 87.8302
0.234 87.9793
0.235 88.1264
0.236 88.2713
0.237 88.4141
0.238 88.5548
0.239 88.6934
0.24 88.8299
0.241 88.9643
0.242 89.0966
0.243 89.2268
0.244 89.355
0.245 89.4811
0.246 89.6051
0.247 89.7271
0.248 89.847
0.249 89.9649
0.25 90.0808
0.251 90.1946
0.252 90.3065
0.253 90.4163
0.254 90.5241
0.255 90.6299
0.256 90.7337
0.257 90.8356
0.258 90.9354
0.259 91.0333
0.26 91.1293
0.261 91.2233
0.262 91.3154
0.263 91.4055
0.264 91.4938
0.265 91.5801
0.266 91.6645
0.267 91.747
0.268 91.8276
0.269 91.9064
0.27 91.9833
0.271 92.0583
0.272 92.1315
0.273 92.2028
0.274 92.2723
0.275 92.34
0.276 92.4059
0.277 92.47
0.278 92.5323
0.279 92.5928
0.28 92.6515
0.281 92.7085
0.282 92.7638
0.283 92.8172
0.284 92.869
0.285 92.9191
0.286 92.9674
0.287 93.014
0.288 93.059
0.289 93.1023
0.29 93.1439
0.291 93.1838
0.292 93.2222
0.293 93.2588
0.294 93.2939
0.295 93.3274
0.296 93.3592
0.297 93.3895
0.298 93.4182
0.299 93.4453
0.3 93.4709
0.301 93.4949
0.302 93.5174
0.303 93.5384
0.304 93.5579
0.305 93.5759
0.306 93.5924
0.307 93.6074
0.308 93.621
0.309 93.6331
0.31 93.6438
0.311 93.6531
0.312 93.6609
0.313 93.6674
0.314 93.6725
0.315 93.6762
0.316 93.6785
0.317 93.6795
0.318 93.6792
0.319 93.6775
0.32 93.6745
0.321 93.6702
0.322 93.6647
0.323 93.6578
0.324 93.6497
0.325 93.6404
0.326 93.6298
0.327 93.618
0.328 93.605
0.329 93.5907
0.33 93.5753
0.331 93.5588
0.332 93.541
0.333 93.5222
0.334 93.5021
0.335 93.481
0.336 93.4588
0.337 93.4354
0.338 93.411
0.339 93.3855
0.34 93.359
0.341 93.3314
0.342 93.3028
0.343 93.2732
0.344 93.2425
0.345 93.2109
0.346 93.1783
0.347 93.1447
0.348 93.1102
0.349 93.0748
0.35 93.0384
0.351 93.0011
0.352 92.9629
0.353 92.9238
0.354 92.8839
0.355 92.8431
0.356 92.8014
0.357 92.7589
0.358 92.7156
0.359 92.6715
0.36 92.6266
0.361 92.5809
0.362 92.5344
0.363 92.4872
0.364 92.4392
0.365 92.3905
0.366 92.3411
0.367 92.291
0.368 92.2402
0.369 92.1887
0.37 92.1366
0.371 92.0838
0.372 92.0303
0.373 91.9762
0.374 91.9216
0.375 91.8663
0.376 91.8104
0.377 91.7539
0.378 91.6969
0.379 91.6394
0.38 91.5812
0.381 91.5226
0.382 91.4635
0.383 91.4038
0.384 91.3437
0.385 91.2831
0.386 91.222
0.387 91.1605
0.388 91.0985
0.389 91.0361
0.39 90.9733
0.391 90.9101
0.392 90.8465
0.393 90.7825
0.394 90.7181
0.395 90.6534
0.396 90.5884
0.397 90.523
0.398 90.4573
0.399 90.3913
0.4 90.325
0.401 90.2584
0.402 90.1915
0.403 90.1244
0.404 90.057
0.405 89.9894
0.406 89.9215
0.407 89.8535
0.408 89.7852
0.409 89.7167
0.41 89.6481
0.411 89.5793
0.412 89.5103
0.413 89.4412
0.414 89.3719
0.415 89.3025
0.416 89.233
0.417 89.1633
0.418 89.0936
0.419 89.0238
0.42 88.9539
0.421 88.8839
0.422 88.8139
0.423 88.7439
0.424 88.6738
0.425 88.6036
0.426 88.5335
0.427 88.4633
0.428 88.3932
0.429 88.3231
0.43 88.2529
0.431 88.1829
0.432 88.1128
0.433 88.0428
0.434 87.9729
0.435 87.903
0.436 87.8332
0.437 87.7635
0.438 87.6939
0.439 87.6244
0.44 87.555
0.441 87.4857
0.442 87.4166
0.443 87.3476
0.444 87.2787
0.445 87.21
0.446 87.1414
0.447 87.0731
0.448 87.0049
0.449 86.9368
0.45 86.869
0.451 86.8014
0.452 86.734
0.453 86.6668
0.454 86.5998
0.455 86.533
0.456 86.4665
0.457 86.4003
0.458 86.3343
0.459 86.2685
0.46 86.203
0.461 86.1378
0.462 86.0728
0.463 86.0082
0.464 85.9438
0.465 85.8797
0.466 85.8159
0.467 85.7524
0.468 85.6893
0.469 85.6265
0.47 85.5639
0.471 85.5018
0.472 85.4399
0.473 85.3784
0.474 85.3172
0.475 85.2564
0.476 85.196
0.477 85.1359
0.478 85.0762
0.479 85.0168
0.48 84.9578
0.481 84.8992
0.482 84.841
0.483 84.7832
0.484 84.7257
0.485 84.6687
0.486 84.612
0.487 84.5558
0.488 84.4999
0.489 84.4445
0.49 84.3895
0.491 84.3349
0.492 84.2807
0.493 84.2269
0.494 84.1736
0.495 84.1207
0.496 84.0682
0.497 84.0162
0.498 83.9646
0.499 83.9134
0.5 83.8627
0.501 83.8124
0.502 83.7626
0.503 83.7132
0.504 83.6642
0.505 83.6157
0.506 83.5677
0.507 83.5201
0.508 83.4729
0.509 83.4262
0.51 83.38
0.511 83.3342
0.512 83.2889
0.513 83.244
0.514 83.1996
0.515 83.1557
0.516 83.1122
0.517 83.0692
0.518 83.0266
0.519 82.9845
0.52 82.9428
0.521 82.9016
0.522 82.8609
0.523 82.8206
0.524 82.7808
0.525 82.7414
0.526 82.7025
0.527 82.664
0.528 82.626
0.529 82.5885
0.53 82.5514
0.531 82.5147
0.532 82.4785
0.533 82.4428
0.534 82.4075
0.535 82.3726
0.536 82.3382
0.537 82.3042
0.538 82.2706
0.539 82.2375
0.54 82.2048
0.541 82.1725
0.542 82.1407
0.543 82.1093
0.544 82.0783
0.545 82.0477
0.546 82.0175
0.547 81.9878
0.548 81.9584
0.549 81.9295
0.55 81.9009
0.551 81.8728
0.552 81.845
0.553 81.8176
0.554 81.7907
0.555 81.7641
0.556 81.7378
0.557 81.712
0.558 81.6865
0.559 81.6614
0.56 81.6366
0.561 81.6122
0.562 81.5882
0.563 81.5644
0.564 81.5411
0.565 81.518
0.566 81.4953
0.567 81.4729
0.568 81.4509
0.569 81.4291
0.57 81.4076
0.571 81.3865
0.572 81.3656
0.573 81.3451
0.574 81.3248
0.575 81.3048
0.576 81.285
0.577 81.2656
0.578 81.2464
0.579 81.2274
0.58 81.2087
0.581 81.1902
0.582 81.172
0.583 81.154
0.584 81.1362
0.585 81.1186
0.586 81.1012
0.587 81.084
0.588 81.067
0.589 81.0502
0.59 81.0335
0.591 81.0171
0.592 81.0008
0.593 80.9846
0.594 80.9686
0.595 80.9527
0.596 80.937
0.597 80.9213
0.598 80.9058
0.599 80.8904
0.6 80.8751
0.601 80.8598
0.602 80.8447
0.603 80.8296
0.604 80.8146
0.605 80.7996
0.606 80.7847
0.607 80.7699
0.608 80.755
0.609 80.7402
0.61 80.7254
0.611 80.7105
0.612 80.6957
0.613 80.6809
0.614 80.666
0.615 80.6511
0.616 80.6361
0.617 80.6211
0.618 80.6061
0.619 80.5909
0.62 80.5757
0.621 80.5604
0.622 80.545
0.623 80.5295
0.624 80.5138
0.625 80.498
0.626 80.4821
0.627 80.466
0.628 80.4498
0.629 80.4334
0.63 80.4168
0.631 80.4001
0.632 80.3831
0.633 80.3659
0.634 80.3485
0.635 80.3309
0.636 80.313
0.637 80.2949
0.638 80.2765
0.639 80.2579
0.64 80.2389
0.641 80.2197
0.642 80.2002
0.643 80.1803
0.644 80.1602
0.645 80.1397
0.646 80.1188
0.647 80.0976
0.648 80.076
0.649 80.0541
0.65 80.0317
0.651 80.009
0.652 79.9858
0.653 79.9623
0.654 79.9383
0.655 79.9138
0.656 79.8889
0.657 79.8636
0.658 79.8378
0.659 79.8114
0.66 79.7846
0.661 79.7573
0.662 79.7295
0.663 79.7011
0.664 79.6722
0.665 79.6428
0.666 79.6127
0.667 79.5822
0.668 79.551
0.669 79.5192
0.67 79.4869
0.671 79.4539
0.672 79.4203
0.673 79.386
0.674 79.3511
0.675 79.3156
0.676 79.2793
0.677 79.2424
0.678 79.2048
0.679 79.1665
0.68 79.1275
0.681 79.0878
0.682 79.0473
0.683 79.0061
0.684 78.9641
0.685 78.9213
0.686 78.8778
0.687 78.8335
0.688 78.7884
0.689 78.7424
0.69 78.6957
0.691 78.6481
0.692 78.5997
0.693 78.5504
0.694 78.5002
0.695 78.4492
0.696 78.3973
0.697 78.3445
0.698 78.2908
0.699 78.2362
0.7 78.1806
0.701 78.1241
0.702 78.0667
0.703 78.0083
0.704 77.9489
0.705 77.8886
0.706 77.8273
0.707 77.7649
0.708 77.7016
0.709 77.6372
0.71 77.5719
0.711 77.5054
0.712 77.438
0.713 77.3694
0.714 77.2998
0.715 77.2291
0.716 77.1574
0.717 77.0845
0.718 77.0105
0.719 76.9354
0.72 76.8592
0.721 76.7818
0.722 76.7033
0.723 76.6237
0.724 76.5428
0.725 76.4608
0.726 76.3777
0.727 76.2933
0.728 76.2077
0.729 76.1209
0.73 76.0329
0.731 75.9437
0.732 75.8532
0.733 75.7615
0.734 75.6685
0.735 75.5743
0.736 75.4788
0.737 75.382
0.738 75.284
0.739 75.1846
0.74 75.0839
0.741 74.9819
0.742 74.8786
0.743 74.774
0.744 74.668
0.745 74.5607
0.746 74.452
0.747 74.342
0.748 74.2306
0.749 74.1178
0.75 74.0037
0.751 73.8881
0.752 73.7712
0.753 73.6528
0.754 73.5331
0.755 73.4119
0.756 73.2893
0.757 73.1653
0.758 73.0398
0.759 72.9129
0.76 72.7845
0.761 72.6547
0.762 72.5234
0.763 72.3906
0.764 72.2563
0.765 72.1206
0.766 71.9834
0.767 71.8447
0.768 71.7044
0.769 71.5627
0.77 71.4195
0.771 71.2747
0.772 71.1284
0.773 70.9806
0.774 70.8313
0.775 70.6804
0.776 70.5279
0.777 70.3739
0.778 70.2184
0.779 70.0613
0.78 69.9026
0.781 69.7424
0.782 69.5806
0.783 69.4172
0.784 69.2522
0.785 69.0857
0.786 68.9176
0.787 68.7478
0.788 68.5765
0.789 68.4036
0.79 68.229
0.791 68.0529
0.792 67.8751
0.793 67.6957
0.794 67.5147
0.795 67.3321
0.796 67.1479
0.797 66.962
0.798 66.7745
0.799 66.5854
0.8 66.3947
0.801 66.2023
0.802 66.0082
0.803 65.8126
0.804 65.6153
0.805 65.4163
0.806 65.2157
0.807 65.0134
0.808 64.8095
0.809 64.604
0.81 64.3968
0.811 64.1879
0.812 63.9774
0.813 63.7652
0.814 63.5514
0.815 63.3359
0.816 63.1188
0.817 62.9
0.818 62.6795
0.819 62.4574
0.82 62.2336
0.821 62.0082
0.822 61.7811
0.823 61.5523
0.824 61.3219
0.825 61.0899
0.826 60.8562
0.827 60.6208
0.828 60.3837
0.829 60.1451
0.83 59.9047
0.831 59.6627
0.832 59.4191
0.833 59.1738
0.834 58.9269
0.835 58.6783
0.836 58.428
0.837 58.1762
0.838 57.9227
0.839 57.6675
0.84 57.4107
0.841 57.1523
0.842 56.8923
0.843 56.6306
0.844 56.3673
0.845 56.1024
0.846 55.8358
0.847 55.5677
0.848 55.2979
0.849 55.0266
0.85 54.7536
0.851 54.479
0.852 54.2028
0.853 53.925
0.854 53.6457
0.855 53.3647
0.856 53.0822
0.857 52.7981
0.858 52.5124
0.859 52.2251
0.86 51.9363
0.861 51.6459
0.862 51.354
0.863 51.0605
0.864 50.7655
0.865 50.4689
0.866 50.1708
0.867 49.8712
0.868 49.5701
0.869 49.2674
0.87 48.9632
0.871 48.6576
0.872 48.3504
0.873 48.0417
0.874 47.7316
0.875 47.4199
0.876 47.1068
0.877 46.7923
0.878 46.4762
0.879 46.1588
0.88 45.8398
0.881 45.5195
0.882 45.1977
0.883 44.8744
0.884 44.5498
0.885 44.2238
0.886 43.8963
0.887 43.5675
0.888 43.2373
0.889 42.9056
0.89 42.5727
0.891 42.2383
0.892 41.9027
0.893 41.5656
0.894 41.2272
0.895 40.8876
0.896 40.5465
0.897 40.2042
0.898 39.8606
0.899 39.5157
0.9 39.1695
0.901 38.822
0.902 38.4732
0.903 38.1233
0.904 37.772
0.905 37.4195
0.906 37.0658
0.907 36.7109
0.908 36.3548
0.909 35.9975
0.91 35.6389
0.911 35.2793
0.912 34.9184
0.913 34.5564
0.914 34.1932
0.915 33.8289
0.916 33.4635
0.917 33.097
0.918 32.7294
0.919 32.3606
0.92 31.9908
0.921 31.62
0.922 31.248
0.923 30.875
0.924 30.501
0.925 30.126
0.926 29.7499
0.927 29.3729
0.928 28.9948
0.929 28.6158
0.93 28.2358
0.931 27.8548
0.932 27.4729
0.933 27.0901
0.934 26.7063
0.935 26.3217
0.936 25.9361
0.937 25.5497
0.938 25.1624
0.939 24.7742
0.94 24.3852
0.941 23.9954
0.942 23.6047
0.943 23.2132
0.944 22.821
0.945 22.4279
0.946 22.0341
0.947 21.6395
0.948 21.2442
0.949 20.8481
0.95 20.4514
0.951 20.0539
0.952 19.6557
0.953 19.2569
0.954 18.8574
0.955 18.4572
0.956 18.0564
0.957 17.655
0.958 17.253
0.959 16.8503
0.96 16.4471
0.961 16.0433
0.962 15.639
0.963 15.2341
0.964 14.8287
0.965 14.4227
0.966 14.0163
0.967 13.6094
0.968 13.202
0.969 12.7941
0.97 12.3858
0.971 11.9771
0.972 11.5679
0.973 11.1584
0.974 10.7484
0.975 10.3381
0.976 9.92742
0.977 9.51639
0.978 9.10503
0.979 8.69335
0.98 8.28137
0.981 7.86909
0.982 7.45654
0.983 7.04373
0.984 6.63067
0.985 6.21738
0.986 5.80387
0.987 5.39016
0.988 4.97626
0.989 4.56219
0.99 4.14795
0.991 3.73357
0.992 3.31906
0.993 2.90443
0.994 2.4897
0.995 2.07489
0.996 1.66
0.997 1.24505
0.998 0.830056
0.999 0.415036
1 -1.29739e-15
1.001 -0.415036
1.002 -0.830056
1.003 -1.24505
1.004 -1.66
1.005 -2.07489
1.006 -2.4897
1.007 -2.90443
1.008 -3.31906
1.009 -3.73357
1.01 -4.14795
1.011 -4.56219
1.012 -4.97626
1.013 -5.39016
1.014 -5.80387
1.015 -6.21738
1.016 -6.63067
1.017 -7.04373
1.018 -7.45654
1.019 -7.86909
1.02 -8.28137
1.021 -8.69335
1.022 -9.10503
1.023 -9.51639
1.024 -9.92742
1.025 -10.3381
1.026 -10.7484
1.027 -11.1584
1.028 -11.5679
1.029 -11.9771
1.03 -12.3858
1.031 -12.7941
1.032 -13.202
1.033 -13.6094
1.034 -14.0163
1.035 -14.4227
1.036 -14.8287
1.037 -15.2341
1.038 -15.639
1.039 -16.0433
1.04 -16.4471
1.041 -16.8503
1.042 -17.253
1.043 -17.655
1.044 -18.0564
1.045 -18.4572
1.046 -18.8574
1.047 -19.2569
1.048 -19.6557
1.049 -20.0539
1.05 -20.4514
1.051 -20.8481
1.052 -21.2442
1.053 -21.6395
1.054 -22.0341
1.055 -22.4279
1.056 -22.821
1.057 -23.2132
1.058 -23.6047
1.059 -23.9954
1.06 -24.3852
1.061 -24.7742
1.062 -25.1624
1.063 -25.5497
1.064 -25.9361
1.065 -26.3217
1.066 -26.7063
1.067 -27.0901
1.068 -27.4729
1.069 -27.8548
1.07 -28.2358
1.071 -28.6158
1.072 -28.9948
1.073 -29.3729
1.074 -29.7499
1.075 -30.126
1.076 -30.501
1.077 -30.875
1.078 -31.248
1.079 -31.62
1.08 -31.9908
1.081 -32.3606
1.082 -32.7294
1.083 -33.097
1.084 -33.4635
1.085 -33.8289
1.086 -34.1932
1.087 -34.5564
1.088 -34.9184
1.089 -35.2793
1.09 -35.6389
1.091 -35.9975
1.092 -36.3548
1.093 -36.7109
1.094 -37.0658
1.095 -37.4195
1.096 -37.772
1.097 -38.1233
1.098 -38.4732
1.099 -38.822
1.1 -39.1695
1.101 -39.5157
1.102 -39.8606
1.103 -40.2042
1.104 -40.5465
1.105 -40.8876
1.106 -41.2272
1.107 -41.5656
1.108 -41.9027
1.109 -42.2383
1.11 -42.5727
1.111 -42.9056
1.112 -43.2373
1.113 -43.5675
1.114 -43.8963
1.115 -44.2238
1.116 -44.5498
1.117 -44.8744
1.118 -45.1977
1.119 -45.5195
1.12 -45.8398
1.121 -46.1588
1.122 -46.4762
1.123 -46.7923
1.124 -47.1068
1.125 -47.4199
1.126 -47.7316
1.127 -48.0417
1.128 -48.3504
1.129 -48.6576
1.13 -48.9632
1.131 -49.2674
1.132 -49.5701
1.133 -49.8712
1.134 -50.1708
1.135 -50.4689
1.136 -50.7655
1.137 -51.0605
1.138 -51.354
1.139 -51.6459
1.14 -51.9363
1.141 -52.2251
1.142 -52.5124
1.143 -52.7981
1.144 -53.0822
1.145 -53.3647
1.146 -53.6457
1.147 -53.925
1.148 -54.2028
1.149 -54.479
1.15 -54.7536
1.151 -55.0266
1.152 -55.2979
1.153 -55.5677
1.154 -55.8358
1.155 -56.1024
1.156 -56.3673
1.157 -56.6306
1.158 -56.8923
1.159 -57.1523
1.16 -57.4107
1.161 -57.6675
1.162 -57.9227
1.163 -58.1762
1.164 -58.428
1.165 -58.6783
1.166 -58.9269
1.167 -59.1738
1.168 -59.4191
1.169 -59.6627
1.17 -59.9047
1.171 -60.1451
1.172 -60.3837
1.173 -60.6208
1.174 -60.8562
1.175 -61.0899
1.176 -61.3219
1.177 -61.5523
1.178 -61.7811
1.179 -62.0082
1.18 -62.2336
1.181 -62.4574
1.182 -62.6795
1.183 -62.9
1.184 -63.1188
1.185 -63.3359
1.186 -63.5514
1.187 -63.7652
1.188 -63.9774
1.189 -64.1879
1.19 -64.3968
1.191 -64.604
1.192 -64.8095
1.193 -65.0134
1.194 -65.2157
1.195 -65.4163
1.196 -65.6153
1.197 -65.8126
1.198 -66.0082
1.199 -66.2023
1.2 -66.3947
1.201 -66.5854
1.202 -66.7745
1.203 -66.962
1.204 -67.1479
1.205 -67.3321
1.206 -67.5147
1.207 -67.6957
1.208 -67.8751
1.209 -68.0529
1.21 -68.229
1.211 -68.4036
1.212 -68.5765
1.213 -68.7478
1.214 -68.9176
1.215 -69.0857
1.216 -69.2522
1.217 -69.4172
1.218 -69.5806
1.219 -69.7424
1.22 -69.9026
1.221 -70.0613
1.222 -70.2184
1.223 -70.3739
1.224 -70.5279
1.225 -70.6804
1.226 -70.8313
1.227 -70.9806
1.228 -71.1284
1.229 -71.2747
1.23 -71.4195
1.231 -71.5627
1.232 -71.7044
1.233 -71.8447
1.234 -71.9834
1.235 -72.1206
1.236 -72.2563
1.237 -72.3906
1.238 -72.5234
1.239 -72.6547
1.24 -72.7845
1.241 -72.9129
1.242 -73.0398
1.243 -73.1653
1.244 -73.2893
1.245 -73.4119
1.246 -73.5331
1.247 -73.6528
1.248 -73.7712
1.249 -73.8881
1.25 -74.0037
1.251 -74.1178
1.252 -74.2306
1.253 -74.342
1.254 -74.452
1.255 -74.5607
1.256 -74.668
1.257 -74.774
1.258 -74.8786
1.259 -74.9819
1.26 -75.0839
1.261 -75.1846
1.262 -75.284
1.263 -75.382
1.264 -75.4788
1.265 -75.5743
1.266 -75.6685
1.267 -75.7615
1.268 -75.8532
1.269 -75.9437
1.27 -76.0329
1.271 -76.1209
1.272 -76.2077
1.273 -76.2933
1.274 -76.3777
1.275 -76.4608
1.276 -76.5428
1.277 -76.6237
1.278 -76.7033
1.279 -76.7818
1.28 -76.8592
1.281 -76.9354
1.282 -77.0105
1.283 -77.0845
1.284 -77.1574
1.285 -77.2291
1.286 -77.2998
1.287 -77.3694
1.288 -77.438
1.289 -77.5054
1.29 -77.5719
1.291 -77.6372
1.292 -77.7016
1.293 -77.7649
1.294 -77.8273
1.295 -77.8886
1.296 -77.9489
1.297 -78.0083
1.298 -78.0667
1.299 -78.1241
1.3 -78.1806
1.301 -78.2362
1.302 -78.2908
1.303 -78.3445
1.304 -78.3973
1.305 -78.4492
1.306 -78.5002
1.307 -78.5504
1.308 -78.5997
1.309 -78.6481
1.31 -78.6957
1.311 -78.7424
1.312 -78.7884
1.313 -78.8335
1.314 -78.8778
1.315 -78.9213
1.316 -78.9641
1.317 -79.0061
1.318 -79.0473
1.319 -79.0878
1.32 -79.1275
1.321 -79.1665
1.322 -79.2048
1.323 -79.2424
1.324 -79.2793
1.325 -79.3156
1.326 -79.3511
1.327 -79.386
1.328 -79.4203
1.329 -79.4539
1.33 -79.4869
1.331 -79.5192
1.332 -79.551
1.333 -79.5822
1.334 -79.6127
1.335 -79.6428
1.336 -79.6722
1.337 -79.7011
1.338 -79.7295
1.339 -79.7573
1.34 -79.7846
1.341 -79.8114
1.342 -79.8378
1.343 -79.8636
1.344 -79.8889
1.345 -79.9138
1.346 -79.9383
1.347 -79.9623
1.348 -79.9858
1.349 -80.009
1.35 -80.0317
1.351 -80.0541
1.352 -80.076
1.353 -80.0976
1.354 -80.1188
1.355 -80.1397
1.356 -80.1602
1.357 -80.1803
1.358 -80.2002
1.359 -80.2197
1.36 -80.2389
1.361 -80.2579
1.362 -80.2765
1.363 -80.2949
1.364 -80.313
1.365 -80.3309
1.366 -80.3485
1.367 -80.3659
1.368 -80.3831
1.369 -80.4001
1.37 -80.4168
1.371 -80.4334
1.372 -80.4498
1.373 -80.466
1.374 -80.4821
1.375 -80.498
1.376 -80.5138
1.377 -80.5295
1.378 -80.545
1.379 -80.5604
1.38 -80.5757
1.381 -80.5909
1.382 -80.6061
1.383 -80.6211
1.384 -80.6361
1.385 -80.6511
1.386 -80.666
1.387 -80.6809
1.388 -80.6957
1.389 -80.7105
1.39 -80.7254
1.391 -80.7402
1.392 -80.755
1.393 -80.7699
1.394 -80.7847
1.395 -80.7996
1.396 -80.8146
1.397 -80.8296
1.398 -80.8447
1.399 -80.8598
1.4 -80.8751
1.401 -80.8904
1.402 -80.9058
1.403 -80.9213
1.404 -80.937
1.405 -80.9527
1.406 -80.9686
1.407 -80.9846
1.408 -81.0008
1.409 -81.0171
1.41 -81.0335
1.411 -81.0502
1.412 -81.067
1.413 -81.084
1.414 -81.1012
1.415 -81.1186
1.416 -81.1362
1.417 -81.154
1.418 -81.172
1.419 -81.1902
1.42 -81.2087
1.421 -81.2274
1.422 -81.2464
1.423 -81.2656
1.424 -81.285
1.425 -81.3048
1.426 -81.3248
1.427 -81.3451
1.428 -81.3656
1.429 -81.3865
1.43 -81.4076
1.431 -81.4291
1.432 -81.4509
1.433 -81.4729
1.434 -81.4953
1.435 -81.518
1.436 -81.5411
1.437 -81.5644
1.438 -81.5882
1.439 -81.6122
1.44 -81.6366
1.441 -81.6614
1.442 -81.6865
1.443 -81.712
1.444 -81.7378
1.445 -81.7641
1.446 -81.7907
1.447 -81.8176
1.448 -81.845
1.449 -81.8728
1.45 -81.9009
1.451 -81.9295
1.452 -81.9584
1.453 -81.9878
1.454 -82.0175
1.455 -82.0477
1.456 -82.0783
1.457 -82.1093
1.458 -82.1407
1.459 -82.1725
1.46 -82.2048
1.461 -82.2375
1.462 -82.2706
1.463 -82.3042
1.464 -82.3382
1.465 -82.3726
1.466 -82.4075
1.467 -82.4428
1.468 -82.4785
1.469 -82.5147
1.47 -82.5514
1.471 -82.5885
1.472 -82.626
1.473 -82.664
1.474 -82.7025
1.475 -82.7414
1.476 -82.7808
1.477 -82.8206
1.478 -82.8609
1.479 -82.9016
1.48 -82.9428
1.481 -82.9845
1.482 -83.0266
1.483 -83.0692
1.484 -83.1122
1.485 -83.1557
1.486 -83.1996
1.487 -83.244
1.488 -83.2889
1.489 -83.3342
1.49 -83.38
1.491 -83.4262
1.492 -83.4729
1.493 -83.5201
1.494 -83.5677
1.495 -83.6157
1.496 -83.6642
1.497 -83.7132
1.498 -83.7626
1.499 -83.8124
1.5 -83.8627
1.501 -83.9134
1.502 -83.9646
1.503 -84.0162
1.504 -84.0682
1.505 -84.1207
1.506 -84.1736
1.507 -84.2269
1.508 -84.2807
1.509 -84.3349
1.51 -84.3895
1.511 -84.4445
1.512 -84.4999
1.513 -84.5558
1.514 -84.612
1.515 -84.6687
1.516 -84.7257
1.517 -84.7832
1.518 -84.841
1.519 -84.8992
1.52 -84.9578
1.521 -85.0168
1.522 -85.0762
1.523 -85.1359
1.524 -85.196
1.525 -85.2564
1.526 -85.3172
1.527 -85.3784
1.528 -85.4399
1.529 -85.5018
1.53 -85.5639
1.531 -85.6265
1.532 -85.6893
1.533 -85.7524
1.534 -85.8159
1.535 -85.8797
1.536 -85.9438
1.537 -86.0082
1.538 -86.0728
1.539 -86.1378
1.54 -86.203
1.541 -86.2685
1.542 -86.3343
1.543 -86.4003
1.544 -86.4665
1.545 -86.533
1.546 -86.5998
1.547 -86.6668
1.548 -86.734
1.549 -86.8014
1.55 -86.869
1.551 -86.9368
1.552 -87.0049
1.553 -87.0731
1.554 -87.1414
1.555 -87.21
1.556 -87.2787
1.557 -87.3476
1.558 -87.4166
1.559 -87.4857
1.56 -87.555
1.561 -87.6244
1.562 -87.6939
1.563 -87.7635
1.564 -87.8332
1.565 -87.903
1.566 -87.9729
1.567 -88.0428
1.568 -88.1128
1.569 -88.1829
1.57 -88.2529
1.571 -88.3231
1.572 -88.3932
1.573 -88.4633
1.574 -88.5335
1.575 -88.6036
1.576 -88.6738
1.577 -88.7439
1.578 -88.8139
1.579 -88.8839
1.58 -88.9539
1.581 -89.0238
1.582 -89.0936
1.583 -89.1633
1.584 -89.233
1.585 -89.3025
1.586 -89.3719
1.587 -89.4412
1.588 -89.5103
1.589 -89.5793
1.59 -89.6481
1.591 -89.7167
1.592 -89.7852
1.593 -89.8535
1.594 -89.9215
1.595 -89.9894
1.596 -90.057
1.597 -90.1244
1.598 -90.1915
1.599 -90.2584
1.6 -90.325
1.601 -90.3913
1.602 -90.4573
1.603 -90.523
1.604 -90.5884
1.605 -90.6534
1.606 -90.7181
1.607 -90.7825
1.608 -90.8465
1.609 -90.9101
1.61 -90.9733
1.611 -91.0361
1.612 -91.0985
1.613 -91.1605
1.614 -91.222
1.615 -91.2831
1.616 -91.3437
1.617 -91.4038
1.618 -91.4635
1.619 -91.5226
1.62 -91.5812
1.621 -91.6394
1.622 -91.6969
1.623 -91.7539
1.624 -91.8104
1.625 -91.8663
1.626 -91.9216
1.627 -91.9762
1.628 -92.0303
1.629 -92.0838
1.63 -92.1366
1.631 -92.1887
1.632 -92.2402
1.633 -92.291
1.634 -92.3411
1.635 -92.3905
1.636 -92.4392
1.637 -92.4872
1.638 -92.5344
1.639 -92.5809
1.64 -92.6266
1.641 -92.6715
1.642 -92.7156
1.643 -92.7589
1.644 -92.8014
1.645 -92.8431
1.646 -92.8839
1.647 -92.9238
1.648 -92.9629
1.649 -93.0011
1.65 -93.0384
1.651 -93.0748
1.652 -93.1102
1.653 -93.1447
1.654 -93.1783
1.655 -93.2109
1.656 -93.2425
1.657 -93.2732
1.658 -93.3028
1.659 -93.3314
1.66 -93.359
1.661 -93.3855
1.662 -93.411
1.663 -93.4354
1.664 -93.4588
1.665 -93.481
1.666 -93.5021
1.667 -93.5222
1.668 -93.541
1.669 -93.5588
1.67 -93.5753
1.671 -93.5907
1.672 -93.605
1.673 -93.618
1.674 -93.6298
1.675 -93.6404
1.676 -93.6497
1.677 -93.6578
1.678 -93.6647
1.679 -93.6702
1.68 -93.6745
1.681 -93.6775
1.682 -93.6792
1.683 -93.6795
1.684 -93.6785
1.685 -93.6762
1.686 -93.6725
1.687 -93.6674
1.688 -93.6609
1.689 -93.6531
1.69 -93.6438
1.691 -93.6331
1.692 -93.621
1.693 -93.6074
1.694 -93.5924
1.695 -93.5759
1.696 -93.5579
1.697 -93.5384
1.698 -93.5174
1.699 -93.4949
1.7 -93.4709
1.701 -93.4453
1.702 -93.4182
1.703 -93.3895
1.704 -93.3592
1.705 -93.3274
1.706 -93.2939
1.707 -93.2588
1.708 -93.2222
1.709 -93.1838
1.71 -93.1439
1.711 -93.1023
1.712 -93.059
1.713 -93.014
1.714 -92.9674
1.715 -92.9191
1.716 -92.869
1.717 -92.8172
1.718 -92.7638
1.719 -92.7085
1.72 -92.6515
1.721 -92.5928
1.722 -92.5323
1.723 -92.47
1.724 -92.4059
1.725 -92.34
1.726 -92.2723
1.727 -92.2028
1.728 -92.1315
1.729 -92.0583
1.73 -91.9833
1.731 -91.9064
1.732 -91.8276
1.733 -91.747
1.734 -91.6645
1.735 -91.5801
1.736 -91.4938
1.737 -91.4055
1.738 -91.3154
1.739 -91.2233
1.74 -91.1293
1.741 -91.0333
1.742 -90.9354
1.743 -90.8356
1.744 -90.7337
1.745 -90.6299
1.746 -90.5241
1.747 -90.4163
1.748 -90.3065
1.749 -90.1946
1.75 -90.0808
1.751 -89.9649
1.752 -89.847
1.753 -89.7271
1.754 -89.6051
1.755 -89.4811
1.756 -89.355
1.757 -89.2268
1.758 -89.0966
1.759 -88.9643
1.76 -88.8299
1.761 -88.6934
1.762 -88.5548
1.763 -88.4141
1.764 -88.2713
1.765 -88.1264
1.766 -87.9793
1.767 -87.8302
1.768 -87.6788
1.769 -87.5254
1.77 -87.3698
1.771 -87.2121
1.772 -87.0522
1.773 -86.8901
1.774 -86.7259
1.775 -86.5595
1.776 -86.391
1.777 -86.2203
1.778 -86.0474
1.779 -85.8723
1.78 -85.695
1.781 -85.5155
1.782 -85.3338
1.783 -85.15
1.784 -84.9639
1.785 -84.7756
1.786 -84.5851
1.787 -84.3924
1.788 -84.1975
1.789 -84.0004
1.79 -83.801
1.791 -83.5995
1.792 -83.3957
1.793 -83.1896
1.794 -82.9814
1.795 -82.7709
1.796 -82.5582
1.797 -82.3432
1.798 -82.126
1.799 -81.9066
1.8 -81.6849
1.801 -81.461
1.802 -81.2349
1.803 -81.0065
1.804 -80.7758
1.805 -80.5429
1.806 -80.3078
1.807 -80.0705
1.808 -79.8308
1.809 -79.589
1.81 -79.3449
1.811 -79.0986
1.812 -78.85
1.813 -78.5991
1.814 -78.3461
1.815 -78.0908
1.816 -77.8332
1.817 -77.5734
1.818 -77.3114
1.819 -77.0471
1.82 -76.7806
1.821 -76.5119
1.822 -76.2409
1.823 -75.9678
1.824 -75.6923
1.825 -75.4147
1.826 -75.1348
1.827 -74.8527
1.828 -74.5684
1.829 -74.2819
1.83 -73.9932
1.831 -73.7023
1.832 -73.4091
1.833 -73.1138
1.834 -72.8163
1.835 -72.5165
1.836 -72.2146
1.837 -71.9105
1.838 -71.6042
1.839 -71.2957
1.84 -70.9851
1.841 -70.6723
1.842 -70.3573
1.843 -70.0402
1.844 -69.7209
1.845 -69.3995
1.846 -69.0759
1.847 -68.7502
1.848 -68.4223
1.849 -68.0923
1.85 -67.7602
1.851 -67.426
1.852 -67.0897
1.853 -66.7513
1.854 -66.4107
1.855 -66.0681
1.856 -65.7234
1.857 -65.3767
1.858 -65.0278
1.859 -64.6769
1.86 -64.3239
1.861 -63.9689
1.862 -63.6119
1.863 -63.2528
1.864 -62.8917
1.865 -62.5286
1.866 -62.1634
1.867 -61.7963
1.868 -61.4272
1.869 -61.056
1.87 -60.683
1.871 -60.3079
1.872 -59.9309
1.873 -59.5519
1.874 -59.171
1.875 -58.7882
1.876 -58.4034
1.877 -58.0168
1.878 -57.6282
1.879 -57.2377
1.88 -56.8454
1.881 -56.4512
1.882 -56.0551
1.883 -55.6571
1.884 -55.2574
1.885 -54.8558
1.886 -54.4523
1.887 -54.0471
1.888 -53.64
1.889 -53.2312
1.89 -52.8206
1.891 -52.4082
1.892 -51.9941
1.893 -51.5782
1.894 -51.1607
1.895 -50.7413
1.896 -50.3203
1.897 -49.8976
1.898 -49.4732
1.899 -49.0471
1.9 -48.6194
1.901 -48.19
1.902 -47.759
1.903 -47.3263
1.904 -46.8921
1.905 -46.4562
1.906 -46.0188
1.907 -45.5798
1.908 -45.1392
1.909 -44.6971
1.91 -44.2535
1.911 -43.8083
1.912 -43.3617
1.913 -42.9136
1.914 -42.4639
1.915 -42.0129
1.916 -41.5603
1.917 -41.1064
1.918 -40.651
1.919 -40.1942
1.92 -39.7361
1.921 -39.2765
1.922 -38.8156
1.923 -38.3533
1.924 -37.8897
1.925 -37.4248
1.926 -36.9586
1.927 -36.4911
1.928 -36.0224
1.929 -35.5523
1.93 -35.0811
1.931 -34.6086
1.932 -34.1349
1.933 -33.66
1.934 -33.1839
1.935 -32.7067
1.936 -32.2283
1.937 -31.7488
1.938 -31.2681
1.939 -30.7864
1.94 -30.3036
1.941 -29.8197
1.942 -29.3348
1.943 -28.8488
1.944 -28.3618
1.945 -27.8738
1.946 -27.3849
1.947 -26.8949
1.948 -26.404
1.949 -25.9122
1.95 -25.4195
1.951 -24.9258
1.952 -24.4313
1.953 -23.9359
1.954 -23.4397
1.955 -22.9426
1.956 -22.4447
1.957 -21.946
1.958 -21.4465
1.959 -20.9463
1.96 -20.4453
1.961 -19.9436
1.962 -19.4412
1.963 -18.9381
1.964 -18.4343
1.965 -17.9298
1.966 -17.4248
1.967 -16.919
1.968 -16.4127
1.969 -15.9058
1.97 -15.3984
1.971 -14.8903
1.972 -14.3818
1.973 -13.8727
1.974 -13.3632
1.975 -12.8531
1.976 -12.3426
1.977 -11.8317
1.978 -11.3203
1.979 -10.8085
1.98 -10.2964
1.981 -9.78383
1.982 -9.27095
1.983 -8.75773
1.984 -8.2442
1.985 -7.73037
1.986 -7.21627
1.987 -6.7019
1.988 -6.1873
1.989 -5.67247
1.99 -5.15744
1.991 -4.64223
1.992 -4.12684
1.993 -3.61131
1.994 -3.09565
1.995 -2.57988
1.996 -2.06402
1.997 -1.54808
1.998 -1.03208
1.999 -0.51605
